10.4678
12.431
14.4514
16.538
18.7
20.947
23.2884
25.7342
28.2944
30.9791
33.7985
36.7631
39.8833
43.1695
46.6321
50.2814
54.1273
58.1797
62.4478
66.9406
71.666
76.6316
81.8436
87.3071
93.0261
99.0025
105.237
111.726
118.467
125.45
132.666
140.1
147.732
155.538
163.492
171.557
179.696
187.864
196.01
204.082
212.02
219.765
227.256
234.433
241.243
247.638
253.577
259.033
263.988
268.435
272.378
275.828
278.803
281.324
283.415
285.097
286.392
287.316
287.883
288.101
287.973
287.497
286.666
285.468
283.887
281.902
279.49
276.629
273.296
269.471
265.141
260.298
254.946
249.1
242.784
236.035
228.9
221.432
213.691
205.737
197.632
189.436
181.206
172.993
164.844
156.801
148.898
141.166
133.63
126.309
119.22
112.373
105.777
99.4364
93.3537
87.5286
81.9591
76.6411
71.5694
66.7375
62.1376
57.7614
53.5999
49.6432
45.8814
42.3041
38.9006
35.66
32.5716
29.6244
26.8074
24.1098
21.5209
19.0298
16.6261
14.2993
12.0391
 
12.4774
14.8133
17.2151
19.6936
22.2593
24.9232
27.6966
30.5909
33.6177
36.7889
40.1165
43.6127
47.2896
51.1597
55.235
59.5277
64.0497
68.8125
73.8274
79.105
84.6551
90.4867
96.6078
103.025
109.743
116.765
124.093
131.725
139.655
147.877
156.379
165.144
174.151
183.373
192.779
202.327
211.974
221.665
231.341
240.936
250.38
259.597
268.512
277.051
285.143
292.729
299.758
306.196
312.021
317.23
321.828
325.836
329.277
332.183
334.584
336.51
337.989
339.043
339.688
339.936
339.791
339.25
338.303
336.936
335.127
332.85
330.075
326.77
322.903
318.449
313.383
307.696
301.388
294.474
286.986
278.969
270.482
261.594
252.378
242.912
233.273
223.533
213.763
204.025
194.373
184.856
175.517
166.388
157.499
148.871
140.522
132.464
124.706
117.251
110.102
103.257
96.7139
90.4667
84.5087
78.8318
73.4267
68.2831
63.3901
58.7362
54.3094
50.0974
46.0875
42.2672
38.6236
35.144
31.8155
28.6255
25.5613
22.6107
19.7611
17.0006
14.3171
 
14.5694
17.2911
20.0872
22.9694
25.95
29.0414
32.2562
35.6074
39.1084
42.7725
46.6136
50.6455
54.8822
59.3379
64.0266
68.9622
74.1586
79.6292
85.3872
91.445
97.8142
104.506
111.53
118.894
126.604
134.667
143.083
151.852
160.971
170.432
180.222
190.326
200.719
211.374
222.254
233.314
244.502
255.758
267.011
278.183
289.189
299.938
310.336
320.289
329.711
338.523
346.665
354.093
360.785
366.737
371.965
376.496
380.367
383.621
386.297
388.437
390.075
391.24
391.952
392.225
392.066
391.469
390.424
388.912
386.905
384.37
381.267
377.555
373.192
368.136
362.357
355.835
348.566
340.567
331.874
322.544
312.652
302.284
291.533
280.496
269.266
257.932
246.578
235.275
224.089
213.076
202.28
191.742
181.491
171.552
161.942
152.674
143.755
135.191
126.981
119.122
111.611
104.441
97.6018
91.0847
84.8781
78.97
73.3475
67.9972
62.905
58.0567
53.4378
49.0338
44.83
40.8117
36.9644
33.2737
29.7251
26.3046
22.9982
19.7923
16.6731
 
16.7586
19.8819
23.0871
26.3873
29.796
33.327
36.9944
40.8127
44.7966
48.9613
53.3221
57.8946
62.6945
67.7379
73.0405
78.6183
84.487
90.662
97.1583
103.99
111.172
118.716
126.634
134.936
143.631
152.725
162.222
172.123
182.426
193.123
204.205
215.653
227.444
239.548
251.925
264.528
277.299
290.167
303.054
315.868
328.507
340.861
352.816
364.254
375.065
385.151
394.434
402.862
410.41
417.081
422.9
427.909
432.162
435.715
438.623
440.937
442.703
443.954
444.719
445.012
444.841
444.202
443.08
441.452
439.285
436.535
433.154
429.085
424.271
418.656
412.194
404.853
396.62
387.511
377.571
366.871
355.505
343.582
331.22
318.537
305.648
292.659
279.668
266.758
254.003
241.465
229.194
217.232
205.612
194.358
183.487
173.012
162.94
153.272
144.009
135.145
126.674
118.587
110.875
103.523
96.5202
89.8514
83.5019
77.4561
71.6982
66.212
60.981
55.9888
51.2188
46.6546
42.2799
38.0785
34.0346
30.1322
26.3561
22.6908
19.1213
 
19.061
22.6041
26.2358
29.9705
33.8227
37.8077
41.9407
46.2376
50.7148
55.3887
60.2764
65.3952
70.7624
76.3957
82.313
88.5319
95.0701
101.945
109.174
116.773
124.758
133.145
141.947
151.176
160.843
170.957
181.525
192.548
204.027
215.958
228.329
241.125
254.324
267.893
281.794
295.974
310.37
324.907
339.494
354.026
368.385
382.438
396.044
409.057
421.337
432.758
443.219
452.656
461.044
468.395
474.751
480.177
484.747
488.537
491.619
494.06
495.914
497.224
498.023
498.33
498.151
497.484
496.311
494.604
492.323
489.414
485.815
481.455
476.255
470.14
463.039
454.902
445.704
435.458
424.217
412.071
399.141
385.566
371.495
357.075
342.444
327.729
313.04
298.474
284.112
270.021
256.255
242.859
229.864
217.294
205.166
193.49
182.272
171.511
161.204
151.345
141.925
132.932
124.354
116.176
108.383
100.958
93.8849
87.1453
80.7216
74.5956
68.7488
63.1631
57.82
52.7014
47.7894
43.066
38.5139
34.1157
29.8546
25.7138
21.677
 
21.4939
25.4778
29.5561
33.7442
38.0577
42.5129
47.1265
51.9156
56.8977
62.0911
67.514
73.1853
79.1242
85.3501
91.8826
98.7412
105.946
113.515
121.469
129.827
138.605
147.822
157.494
167.636
178.262
189.382
201.005
213.138
225.782
238.936
252.592
266.738
281.351
296.401
311.849
327.641
343.711
359.978
376.341
392.682
408.865
424.733
440.112
454.819
468.674
481.51
493.196
503.651
512.851
520.825
527.644
533.402
538.203
542.15
545.336
547.844
549.74
551.075
551.887
552.198
552.018
551.34
550.147
548.404
546.065
543.065
539.327
534.76
529.262
522.727
515.053
506.159
496
484.582
471.968
458.274
443.661
428.31
412.409
396.14
379.669
363.143
346.688
330.412
314.403
298.732
283.454
268.613
254.24
240.358
226.98
214.114
201.762
189.921
178.585
167.745
157.389
147.502
138.069
129.074
120.499
112.324
104.531
97.0995
90.0099
83.242
76.7755
70.5903
64.6663
58.9836
53.5226
48.2642
43.1892
38.279
33.5155
28.8806
24.3567
 
24.0759
28.5246
33.0724
37.7355
42.5305
47.4748
52.5861
57.8826
63.3833
69.1074
75.0749
81.3061
87.8219
94.6431
101.791
109.288
117.154
125.412
134.083
143.187
152.746
162.78
173.306
184.343
195.908
208.014
220.675
233.898
247.692
262.056
276.988
292.477
308.507
325.049
342.066
359.505
377.299
395.362
413.587
431.844
449.976
467.802
485.11
501.67
517.244
531.606
544.578
556.057
566.023
574.535
581.708
587.681
592.602
596.605
599.809
602.312
604.195
605.516
606.317
606.623
606.446
605.779
604.6
602.873
600.542
597.534
593.756
589.093
583.414
576.571
568.42
558.833
547.726
535.091
521.005
505.627
489.171
471.881
453.997
435.743
417.316
398.884
380.589
362.548
344.851
327.573
310.768
294.478
278.731
263.544
248.929
234.888
221.42
208.517
196.17
184.367
173.09
162.325
152.052
142.251
132.903
123.985
115.477
107.356
99.6011
92.1891
85.0984
78.3069
71.7929
65.535
59.512
53.7034
48.0887
42.6481
37.3621
32.2118
27.1783
 
26.8271
31.7678
36.811
41.9738
47.2734
52.728
58.3564
64.1777
70.2121
76.4801
83.0028
89.8022
96.9003
104.32
112.084
120.216
128.74
137.679
147.056
156.895
167.219
178.051
189.412
201.323
213.804
226.873
240.546
254.837
269.756
285.31
301.501
318.324
335.766
353.805
372.408
391.526
411.093
431.022
451.202
471.494
491.725
511.685
531.124
549.749
567.242
583.289
597.634
610.135
620.787
629.705
637.076
643.108
648.003
651.936
655.053
657.47
659.277
660.539
661.302
661.594
661.426
660.791
659.666
658.012
655.767
652.85
649.151
644.534
638.829
631.841
623.358
613.178
601.154
587.245
571.548
554.29
535.776
516.334
496.276
475.873
455.356
434.914
414.699
394.835
375.414
356.508
338.168
320.43
303.318
286.843
271.009
255.816
241.254
227.313
213.979
201.233
189.058
177.432
166.335
155.742
145.632
135.981
126.763
117.957
109.536
101.478
93.7578
86.3524
79.2382
72.3925
65.7926
59.4167
53.2432
47.2511
41.42
35.7299
30.1613
 
29.7692
35.2327
40.8008
46.4909
52.3211
58.3101
64.4774
70.8433
77.4286
84.2551
91.3451
98.7218
106.409
114.43
122.811
131.576
140.751
150.362
160.433
170.992
182.063
193.672
205.844
218.603
231.973
245.975
260.63
275.957
291.972
308.687
326.112
344.247
363.089
382.622
402.821
423.643
445.028
466.893
489.126
511.584
534.083
556.392
578.219
599.201
618.907
636.877
652.718
666.221
677.42
686.536
693.879
699.757
704.442
708.154
711.063
713.301
714.962
716.118
716.816
717.082
716.929
716.35
715.321
713.802
711.73
709.016
705.54
701.143
695.62
688.714
680.12
669.519
656.643
641.384
623.868
604.444
583.568
561.696
539.226
516.484
493.728
471.163
448.949
427.208
406.032
385.484
365.61
346.436
327.977
310.238
293.215
276.898
261.274
246.325
232.031
218.372
205.322
192.858
180.956
169.588
158.73
148.354
138.435
128.946
119.86
111.153
102.798
94.77
87.0442
79.5963
72.4027
65.4401
58.6862
52.1188
45.7169
39.4596
33.3268
 
32.9261
38.947
45.0729
51.3216
57.7115
64.2619
70.9928
77.9252
85.0809
92.4824
100.153
108.118
116.401
125.028
134.025
143.42
153.24
163.512
174.264
185.525
197.322
209.685
222.64
236.216
250.441
265.34
280.939
297.263
314.334
332.173
350.794
370.211
390.427
411.439
433.232
455.773
479.014
502.878
527.261
552.022
576.976
601.883
626.422
650.161
672.521
692.799
710.329
724.772
736.261
745.241
752.228
757.671
761.92
765.234
767.802
769.76
771.206
772.207
772.809
773.04
772.908
772.408
771.518
770.2
768.391
766.003
762.913
758.948
753.874
747.367
739.007
728.284
714.699
697.982
678.31
656.276
632.608
607.945
582.781
557.484
532.331
507.53
483.24
459.578
436.625
414.434
393.039
372.453
352.68
333.712
315.537
298.136
281.488
265.568
250.351
235.809
221.915
208.64
195.955
183.832
172.24
161.153
150.539
140.372
130.623
121.264
112.267
103.607
95.2564
87.1903
79.3838
71.8129
64.454
57.2847
50.2829
43.4275
36.6978
 
36.3235
42.9404
49.6611
56.5033
63.4857
70.6277
77.9498
85.4735
93.2212
101.216
109.483
118.047
126.934
136.171
145.786
155.807
166.264
177.186
188.603
200.546
213.045
226.133
239.839
254.196
269.236
284.989
301.486
318.759
336.837
355.748
375.518
396.17
417.721
440.181
463.549
487.811
512.93
538.847
565.469
592.665
620.263
648.035
675.67
702.705
728.412
751.685
771.244
786.44
797.717
806.014
812.182
816.834
820.384
823.109
825.198
826.777
827.936
828.737
829.217
829.4
829.295
828.897
828.187
827.131
825.675
823.74
821.21
817.917
813.617
807.944
800.35
790.054
776.093
757.757
735.314
709.944
682.875
654.976
626.801
598.724
571.014
543.871
517.441
491.826
467.092
443.275
420.388
398.431
377.389
357.242
337.966
319.531
301.907
285.062
268.963
253.579
238.875
224.819
211.378
198.521
186.215
174.429
163.13
152.29
141.878
131.863
122.218
112.915
103.925
95.2224
86.7816
78.5776
70.5865
62.785
55.1509
47.6627
40.2995
 
39.9892
47.2454
54.6021
62.0768
69.6881
77.4555
85.3997
93.5423
101.906
110.516
119.395
128.571
138.071
147.923
158.156
168.8
179.885
191.444
203.508
216.111
229.285
243.065
257.486
272.582
288.391
304.947
322.288
340.451
359.474
379.394
400.249
422.073
444.9
468.757
493.662
519.623
546.625
574.629
603.56
633.308
663.721
694.61
725.735
756.73
786.87
814.525
836.835
852.19
862.211
868.947
873.682
877.132
879.708
881.657
883.136
884.248
885.06
885.618
885.953
886.081
886.008
885.73
885.235
884.497
883.474
882.107
880.304
877.928
874.766
870.469
864.439
855.605
842.14
821.935
795.4
765.449
734.173
702.547
671.049
639.982
609.573
579.997
551.382
523.807
497.312
471.907
447.582
424.312
402.066
380.806
360.492
341.085
322.544
304.828
287.898
271.716
256.243
241.441
227.276
213.71
200.709
188.239
176.267
164.759
153.684
143.01
132.709
122.749
113.104
103.745
94.6455
85.7811
77.127
68.6597
60.3568
52.1969
44.1593
 
43.9535
51.8971
59.9357
68.0863
76.3672
84.7976
93.3981
102.19
111.198
120.444
129.956
139.759
149.882
160.355
171.206
182.468
194.173
206.354
219.045
232.282
246.101
260.537
275.631
291.419
307.943
325.243
343.363
362.347
382.241
403.092
424.95
447.864
471.886
497.064
523.441
551.051
579.912
610.012
641.303
673.692
707.046
741.227
776.126
811.679
847.713
882.93
910.168
923.31
929.91
933.848
936.466
938.319
939.679
940.698
941.466
942.04
942.459
942.746
942.918
942.983
942.946
942.804
942.549
942.169
941.641
940.932
939.992
938.743
937.056
934.709
931.265
925.737
915.408
893.043
858.799
822.292
785.983
750.245
715.193
680.969
647.745
615.674
584.858
555.345
527.14
500.217
474.533
450.036
426.67
404.38
383.109
362.805
343.416
324.894
307.191
290.263
274.067
258.56
243.703
229.457
215.784
202.648
190.012
177.842
166.106
154.769
143.801
133.172
122.852
112.814
103.03
93.474
84.1225
74.9518
65.9396
57.0646
48.3067
 
48.2492
56.9335
65.7049
74.5797
83.5752
92.7104
102.005
111.482
121.163
131.072
141.237
151.684
162.442
173.54
185.011
196.887
209.202
221.989
235.286
249.13
263.558
278.611
294.33
310.756
327.935
345.913
364.738
384.461
405.138
426.825
449.586
473.486
498.595
524.987
552.735
581.909
612.568
644.742
678.417
713.512
749.89
787.412
826.075
866.211
908.819
956.897
1000
1000
1000
1000
1000
1000
1000
1000
1000
1000
1000
1000
1000
1000
1000
1000
1000
1000
1000
1000
1000
1000
1000
1000
1000
1000
1000
975.892
923.354
878.897
837.406
797.527
758.836
721.34
685.212
650.612
617.619
586.235
556.413
528.079
501.15
475.538
451.162
427.945
405.814
384.702
364.547
345.293
326.884
309.269
292.402
276.235
260.725
245.83
231.509
217.724
204.438
191.613
179.215
167.21
155.565
144.251
133.236
122.492
111.993
101.712
91.6245
81.7085
71.9416
62.3033
52.7743
 
52.9118
62.3959
71.9565
81.6087
91.3689
101.255
111.287
121.485
131.873
142.474
153.316
164.425
175.83
187.563
199.655
212.14
225.053
238.43
252.31
266.729
281.731
297.356
313.648
330.653
348.42
366.999
386.444
406.814
428.171
450.583
474.126
498.881
524.941
552.404
581.38
611.985
644.331
678.513
714.571
752.445
791.932
832.756
874.825
918.605
965.525
1000
1000
1000
1000
1000
1000
1000
1000
1000
1000
1000
1000
1000
1000
1000
1000
1000
1000
1000
1000
1000
1000
1000
1000
1000
1000
1000
1000
1000
982.16
932.966
887.505
843.918
801.609
760.716
721.591
684.462
649.37
616.242
584.952
555.363
527.34
500.759
475.508
451.488
428.61
406.794
385.968
366.065
347.024
328.79
311.309
294.531
278.409
262.9
247.959
233.546
219.621
206.147
193.088
180.408
168.075
156.057
144.324
132.847
121.599
110.554
99.6887
88.9808
78.409
67.9539
57.5972
 
57.9797
68.3289
78.741
89.2294
99.8094
110.498
121.313
132.275
143.407
154.732
166.277
178.068
190.136
202.511
215.226
228.317
241.817
255.766
270.202
285.165
300.699
316.847
333.656
351.175
369.455
388.551
408.523
429.435
451.356
474.365
498.548
524.003
550.842
579.193
609.203
641.04
674.891
710.946
749.356
790.128
832.958
877.16
922.152
968.185
1000
1000
1000
1000
1000
1000
1000
1000
1000
1000
1000
1000
1000
1000
1000
1000
1000
1000
1000
1000
1000
1000
1000
1000
1000
1000
1000
1000
1000
1000
1000
983.682
936.041
889.344
843.271
798.658
756.393
716.789
679.767
645.108
612.573
581.941
553.02
525.648
499.684
475.008
451.515
429.112
407.719
387.261
367.672
348.89
330.858
313.524
296.836
280.749
265.217
250.196
235.648
221.531
207.81
194.449
181.413
168.672
156.194
143.951
131.917
120.066
108.376
96.8242
85.3918
74.0605
62.8135
 
63.4943
74.7805
86.1126
97.5023
108.963
120.51
132.16
143.933
155.849
167.933
180.21
192.707
205.453
218.481
231.823
245.514
259.591
274.092
289.058
304.53
320.553
337.173
354.437
372.399
391.111
410.633
431.028
452.366
474.721
498.181
522.842
548.815
576.231
605.242
636.032
668.826
703.893
741.56
782.187
826.046
872.883
921.105
968.682
1000
1000
1000
1000
1000
1000
1000
1000
1000
1000
1000
1000
1000
1000
1000
1000
1000
1000
1000
1000
1000
1000
1000
1000
1000
1000
1000
1000
1000
1000
1000
1000
1000
983.888
934.522
883.703
834.485
788.915
747.051
708.427
672.573
639.1
607.698
578.122
550.172
523.682
498.516
474.554
451.696
429.852
408.943
388.895
369.645
351.131
333.298
316.093
299.467
283.374
267.769
252.61
237.857
223.473
209.421
195.667
182.179
168.928
155.884
143.023
130.319
117.751
105.299
92.9442
80.6711
68.4647
 
69.5005
81.8026
94.1303
106.493
118.901
131.368
143.91
156.544
169.29
182.172
195.214
208.442
221.886
235.577
249.549
263.838
278.479
293.513
308.981
324.925
341.391
358.427
376.082
394.411
413.469
433.318
454.024
475.661
498.31
522.061
547.019
573.306
601.063
630.465
661.722
695.104
730.961
769.762
812.169
859.104
911.457
966.315
1000
1000
1000
1000
1000
1000
1000
1000
1000
1000
1000
1000
1000
1000
1000
1000
1000
1000
1000
1000
1000
1000
1000
1000
1000
1000
1000
1000
1000
1000
1000
1000
1000
1000
1000
982.145
922.267
866.689
818.105
774.609
734.966
698.403
664.392
632.556
602.607
574.32
547.516
522.042
497.774
474.603
452.434
431.183
410.774
391.14
372.217
353.947
336.276
319.154
302.532
286.365
270.61
255.227
240.177
225.424
210.933
196.674
182.616
168.733
154.998
141.389
127.886
114.47
101.125
87.8376
74.5955
 
76.0462
89.4511
102.857
116.27
129.699
143.155
156.651
170.202
183.829
197.551
211.393
225.381
239.543
253.912
268.519
283.402
298.596
314.143
330.083
346.461
363.322
380.716
398.693
417.308
436.62
456.691
477.591
499.393
522.182
546.053
571.113
597.49
625.331
654.82
686.18
719.703
755.776
794.953
838.095
886.775
945.102
1000
1000
1000
1000
1000
1000
1000
1000
1000
1000
1000
1000
1000
1000
1000
1000
1000
1000
1000
1000
1000
1000
1000
1000
1000
1000
1000
1000
1000
1000
1000
1000
1000
1000
1000
1000
1000
951.04
892.202
842.743
798.908
759.105
722.45
688.376
656.484
626.474
598.117
571.223
545.641
521.239
497.906
475.545
454.069
433.402
413.473
394.217
375.576
357.493
339.918
322.8
306.095
289.758
273.749
258.03
242.563
227.316
212.256
197.356
182.588
167.93
153.358
138.856
124.407
109.997
95.6161
81.2543
 
83.1835
97.7862
112.361
126.911
141.441
155.96
170.477
185.008
199.568
214.178
228.86
243.639
258.544
273.605
288.854
304.329
320.065
336.104
352.487
369.258
386.465
404.156
422.383
441.201
460.671
480.854
501.821
523.648
546.419
570.229
595.187
621.418
649.071
678.323
709.396
742.567
778.206
816.819
859.158
906.395
960.254
1000
1000
1000
1000
1000
1000
1000
1000
1000
1000
1000
1000
1000
1000
1000
1000
1000
1000
1000
1000
1000
1000
1000
1000
1000
1000
1000
1000
1000
1000
1000
1000
1000
1000
1000
1000
1000
962.217
909.55
862.404
819.797
780.79
744.708
711.07
679.518
649.774
621.62
594.874
569.387
545.031
521.694
499.281
477.703
456.884
436.753
417.245
398.3
379.861
361.877
344.298
327.078
310.173
293.543
277.148
260.954
244.926
229.035
213.252
197.552
181.913
166.317
150.746
135.187
119.63
104.067
88.4934
 
90.968
106.873
122.716
138.496
154.215
169.877
185.491
201.068
216.622
232.171
247.736
263.342
279.015
294.785
310.685
326.751
343.019
359.529
376.324
393.449
410.949
428.874
447.276
466.212
485.739
505.921
526.828
548.534
571.122
594.687
619.332
645.178
672.366
701.059
731.455
763.796
798.38
835.578
875.843
919.635
967.025
1000
1000
1000
1000
1000
1000
1000
1000
1000
1000
1000
1000
1000
1000
1000
1000
1000
1000
1000
1000
1000
1000
1000
1000
1000
1000
1000
1000
1000
1000
1000
1000
1000
1000
1000
1000
1000
967.929
921.437
877.966
837.666
800.24
765.325
732.591
701.761
672.604
644.927
618.567
593.384
569.256
546.078
523.754
502.201
481.341
461.104
441.426
422.246
403.508
385.161
367.156
349.444
331.985
314.736
297.659
280.72
263.885
247.126
230.416
213.731
197.051
180.359
163.643
146.891
130.097
113.257
96.3694
 
99.4598
116.779
133.999
151.111
168.115
185.01
201.802
218.498
235.11
251.655
268.151
284.621
301.091
317.591
334.151
350.808
367.598
384.56
401.737
419.172
436.913
455.009
473.511
492.474
511.957
532.021
552.736
574.173
596.413
619.546
643.669
668.894
695.347
723.173
752.536
783.626
816.653
851.84
889.382
929.327
971.332
1000
1000
1000
1000
1000
1000
1000
1000
1000
1000
1000
1000
1000
1000
1000
1000
1000
1000
1000
1000
1000
1000
1000
1000
1000
1000
1000
1000
1000
1000
1000
1000
1000
1000
1000
1000
1000
971.818
930.375
890.708
853.196
817.863
784.574
753.142
723.379
695.108
668.172
642.43
617.757
594.041
571.184
549.096
527.694
506.905
486.66
466.895
447.552
428.574
409.911
391.513
373.334
355.331
337.465
319.697
301.993
284.322
266.656
248.969
231.24
213.452
195.59
177.644
159.607
141.477
123.254
104.943
 
108.723
127.581
146.294
164.851
183.243
201.467
219.524
237.419
255.16
272.761
290.24
307.617
324.917
342.168
359.401
376.651
393.953
411.347
428.875
446.58
464.509
482.71
501.233
520.134
539.469
559.299
579.688
600.708
622.434
644.949
668.344
692.719
718.185
744.861
772.878
802.372
833.477
866.301
900.883
937.113
974.618
1000
1000
1000
1000
1000
1000
1000
1000
1000
1000
1000
1000
1000
1000
1000
1000
1000
1000
1000
1000
1000
1000
1000
1000
1000
1000
1000
1000
1000
1000
1000
1000
1000
1000
1000
1000
1000
974.885
937.705
901.65
867.079
834.129
802.79
772.979
744.579
717.467
691.518
666.616
642.654
619.532
597.158
575.449
554.328
533.724
513.569
493.803
474.368
455.209
436.276
417.52
398.896
380.361
361.877
343.406
324.916
306.375
287.758
269.041
250.204
231.234
212.119
192.851
173.43
153.856
134.136
114.28
 
118.827
139.358
159.693
179.813
199.707
219.364
238.782
257.962
276.909
295.633
314.151
332.481
350.646
368.673
386.593
404.438
422.245
440.052
457.901
475.834
493.896
512.137
530.604
549.351
568.434
587.91
607.841
628.295
649.342
671.059
693.528
716.836
741.078
766.351
792.753
820.379
849.304
879.565
911.128
943.841
977.393
1000
1000
1000
1000
1000
1000
1000
1000
1000
1000
1000.1
1000.24
1000.37
1000.5
1000.6
1000.69
1000.75
1000.79
1000.8
1000.79
1000.75
1000.69
1000.6
1000.5
1000.37
1000.24
1000.1
1000
1000
1000
1000
1000
1000
1000
1000
1000
1000
977.525
944.131
911.487
879.885
849.481
820.321
792.382
765.598
739.886
715.152
691.302
668.244
645.891
624.161
602.975
582.263
561.957
541.992
522.311
502.856
483.575
464.418
445.338
426.29
407.233
388.129
368.942
349.639
330.192
310.576
290.77
270.756
250.524
230.065
209.376
188.462
167.327
145.985
124.451
 
129.846
152.196
174.291
196.107
217.623
238.827
259.709
280.266
300.501
320.421
340.038
359.37
378.439
397.27
415.892
434.338
452.643
470.845
488.985
507.104
525.247
543.461
561.793
580.296
599.021
618.025
637.367
657.108
677.314
698.056
719.406
741.442
764.242
787.884
812.441
837.978
864.532
892.104
920.635
949.979
979.896
1000
1000
1000
1000
1000
1000
1000
1000
1000
1000
1000.39
1000.97
1001.51
1002
1002.43
1002.78
1003.04
1003.19
1003.25
1003.19
1003.04
1002.78
1002.43
1002
1001.51
1000.97
1000.39
1000
1000
1000
1000
1000
1000
1000
1000
1000
1000
979.935
950.051
920.683
892.055
864.305
837.495
811.631
786.68
762.586
739.276
716.677
694.71
673.298
652.367
631.848
611.672
591.777
572.102
552.59
533.188
513.844
494.509
475.138
455.687
436.117
416.388
396.468
376.325
355.931
335.263
314.303
293.037
271.456
249.555
227.338
204.811
181.988
158.887
135.533
 
141.859
166.186
190.192
213.844
237.116
259.988
282.445
304.48
326.091
347.283
368.066
388.454
408.468
428.133
447.476
466.529
485.327
503.906
522.307
540.571
558.742
576.863
594.983
613.149
631.413
649.827
668.447
687.33
706.537
726.132
746.18
766.747
787.901
809.704
832.214
855.472
879.5
904.282
929.759
955.811
982.259
1000
1000
1000
1000
1000
1000
1000
1000
1000
1000
1000.7
1001.72
1002.69
1003.58
1004.34
1004.96
1005.42
1005.7
1005.8
1005.7
1005.42
1004.96
1004.34
1003.58
1002.69
1001.72
1000.7
1000
1000
1000
1000
1000
1000
1000
1000
1000
1000
982.228
955.715
929.56
903.925
878.921
854.607
830.996
808.072
785.793
764.105
742.946
722.247
701.943
681.967
662.254
642.741
623.37
604.083
584.826
565.548
546.198
526.731
507.102
487.268
467.19
446.831
426.159
405.143
383.758
361.982
339.8
317.199
294.174
270.726
246.862
222.596
197.946
172.939
147.607
 
154.953
181.428
207.507
233.148
258.318
282.988
307.14
330.76
353.843
376.389
398.407
419.909
440.914
461.445
481.529
501.197
520.483
539.424
558.058
576.427
594.571
612.534
630.363
648.102
665.801
683.508
701.277
719.159
737.211
755.491
774.057
792.969
812.283
832.054
852.327
873.135
894.491
916.38
938.754
961.525
984.566
1000
1000
1000
1000
1000
1000
1000
1000
1000
1000
1001.03
1002.54
1003.97
1005.27
1006.39
1007.31
1007.99
1008.4
1008.54
1008.4
1007.99
1007.31
1006.39
1005.27
1003.97
1002.54
1001.03
1000
1000
1000
1000
1000
1000
1000
1000
1000
1000
984.478
961.294
938.35
915.76
893.602
871.922
850.73
830.013
809.738
789.858
770.32
751.064
732.031
713.16
694.391
675.666
656.93
638.129
619.212
600.129
580.832
561.277
541.421
521.221
500.641
479.644
458.199
436.276
413.852
390.906
367.426
343.402
318.833
293.724
268.087
241.942
215.315
188.242
160.762
 
169.219
198.028
226.355
254.15
281.37
307.979
333.953
359.273
383.929
407.918
431.245
453.922
475.965
497.397
518.244
538.537
558.309
577.596
596.435
614.868
632.934
650.675
668.135
685.357
702.388
719.273
736.061
752.801
769.545
786.345
803.255
820.328
837.616
855.167
873.021
891.209
909.745
928.623
947.813
967.257
986.875
1000
1000
1000
1000
1000
1000
1000
1000
1000
1000
1001.39
1003.44
1005.38
1007.14
1008.66
1009.9
1010.82
1011.38
1011.57
1011.38
1010.82
1009.9
1008.66
1007.14
1005.38
1003.44
1001.39
1000
1000
1000
1000
1000
1000
1000
1000
1000
1000
986.74
966.912
947.232
927.772
908.579
889.677
871.069
852.736
834.647
816.757
799.018
781.375
763.773
746.156
728.467
710.654
692.664
674.447
655.953
637.135
617.949
598.35
578.296
557.749
536.67
515.025
492.782
469.915
446.4
422.219
397.36
371.819
345.597
318.704
291.158
262.985
234.219
204.906
175.095
 
184.758
216.1
246.865
276.99
306.424
335.123
363.055
390.197
416.533
442.057
466.773
490.689
513.821
536.191
557.825
578.753
599.008
618.627
637.645
656.102
674.038
691.492
708.507
725.124
741.385
757.333
773.014
788.472
803.756
818.914
833.996
849.05
864.126
879.269
894.522
909.915
925.472
941.199
957.089
973.113
989.23
1000
1000
1000
1000
1000
1000
1000
1000
1000
1000
1001.81
1004.46
1006.96
1009.24
1011.22
1012.82
1014.01
1014.74
1014.98
1014.74
1014.01
1012.82
1011.22
1009.24
1006.96
1004.46
1001.81
1000
1000
1000
1000
1000
1000
1000
1000
1000
1000
989.055
972.668
956.353
940.143
924.054
908.09
892.236
876.467
860.746
845.028
829.264
813.403
797.39
781.174
764.702
747.923
730.789
713.25
695.263
676.78
657.76
638.16
617.94
597.06
575.484
553.179
530.114
506.261
481.6
456.114
429.792
402.633
374.643
345.834
316.233
285.871
254.792
223.05
190.708
 
201.676
235.768
269.173
301.819
333.642
364.592
394.627
423.719
451.849
479.007
505.193
530.415
554.69
578.036
600.482
622.057
642.794
662.73
681.9
700.343
718.098
735.203
751.698
767.62
783.011
797.909
812.357
826.396
840.07
853.424
866.505
879.36
892.037
904.585
917.045
929.46
941.861
954.273
966.711
979.177
991.667
1000
1000
1000
1000
1000
1000
1000
1000
1000
1000
1002.28
1005.62
1008.78
1011.65
1014.14
1016.17
1017.67
1018.59
1018.9
1018.59
1017.67
1016.17
1014.14
1011.65
1008.78
1005.62
1002.28
1000
1000
1000
1000
1000
1000
1000
1000
1000
1000
991.456
978.644
965.836
953.03
940.212
927.361
914.446
901.427
888.262
874.899
861.288
847.376
833.112
818.443
803.322
787.699
771.528
754.764
737.365
719.287
700.488
680.929
660.57
639.373
617.302
594.324
570.408
545.528
519.663
492.797
464.923
436.04
406.157
375.294
343.48
310.757
277.177
242.805
207.716
 
220.091
257.165
293.43
328.799
363.199
396.569
428.862
460.04
490.082
518.976
546.718
573.317
598.787
623.151
646.434
668.668
689.886
710.125
729.422
747.813
765.337
782.03
797.93
813.073
827.494
841.231
854.322
866.804
878.718
890.106
901.014
911.488
921.577
931.331
940.801
950.038
959.087
967.993
976.795
985.527
994.217
1000
1000
1000
1000
1000
1000
1000
1000
1000
1000
1002.83
1006.97
1010.89
1014.46
1017.54
1020.06
1021.91
1023.05
1023.44
1023.05
1021.91
1020.06
1017.54
1014.46
1010.89
1006.97
1002.83
1000
1000
1000
1000
1000
1000
1000
1000
1000
1000
993.974
984.914
975.795
966.579
957.224
947.683
937.905
927.836
917.42
906.601
895.322
883.531
871.173
858.199
844.562
830.215
815.116
799.221
782.491
764.884
746.362
726.885
706.416
684.916
662.35
638.685
613.891
587.939
560.81
532.487
502.966
472.246
440.341
407.274
373.082
337.813
301.53
264.309
226.24
 
240.13
280.436
319.795
358.106
395.282
431.254
465.964
499.373
531.451
562.185
591.572
619.618
646.34
671.76
695.906
718.811
740.51
761.039
780.436
798.738
815.982
832.203
847.435
861.713
875.068
887.535
899.145
909.935
919.94
929.202
937.762
945.668
952.972
959.728
965.996
971.838
977.318
982.5
987.449
992.231
996.909
1000
1000
1000
1000
1000
1000
1000
1000
1000
1000
1003.47
1008.56
1013.37
1017.74
1021.53
1024.61
1026.89
1028.29
1028.76
1028.29
1026.89
1024.61
1021.53
1017.74
1013.37
1008.56
1003.47
1000
1000
1000
1000
1000
1000
1000
1000
1000
1000
996.637
991.546
986.334
980.929
975.257
969.245
962.82
955.911
948.45
940.369
931.609
922.109
911.818
900.686
888.666
875.715
861.793
846.86
830.878
813.81
795.618
776.265
755.713
733.924
710.865
686.499
660.795
633.727
605.271
575.413
544.146
511.474
477.41
441.983
405.235
367.223
328.02
287.716
246.414
 
261.931
305.74
348.445
389.929
430.094
468.857
506.156
541.942
576.185
608.868
639.989
669.555
697.583
724.098
749.132
772.719
794.896
815.701
835.173
853.349
870.265
885.954
900.449
913.779
925.974
937.062
947.073
956.036
963.985
970.957
976.993
982.141
986.456
989.999
992.839
995.051
996.719
997.93
998.777
999.357
999.769
1000
1000
1000
1000
1000
1000
1000
1000
1000
1000
1004.22
1010.42
1016.28
1021.61
1026.22
1029.98
1032.76
1034.46
1035.03
1034.46
1032.76
1029.98
1026.22
1021.61
1016.28
1010.42
1004.22
1000
1000
1000
1000
1000
1000
1000
1000
1000
1000
999.471
998.605
997.556
996.214
994.474
992.235
989.399
985.878
981.586
976.448
970.395
963.364
955.301
946.156
935.886
924.449
911.808
897.928
882.774
866.31
848.501
829.311
808.703
786.642
763.088
738.008
711.368
683.137
653.293
621.819
588.706
553.958
517.593
479.641
440.151
399.187
356.833
313.193
268.386
 
285.646
333.248
379.569
424.475
467.852
509.608
549.672
587.99
624.529
659.271
692.215
723.371
752.759
780.408
806.352
830.63
853.282
874.348
893.869
911.882
928.423
943.523
957.211
969.515
980.458
990.064
998.357
1005.36
1011.11
1015.63
1018.96
1021.16
1022.27
1022.37
1021.54
1019.87
1017.46
1014.42
1010.88
1006.97
1002.83
1000
1000
1000
1000
1000
1000
1000
1000
1000
1000
1005.12
1012.64
1019.74
1026.19
1031.79
1036.35
1039.71
1041.77
1042.47
1041.77
1039.71
1036.35
1031.79
1026.19
1019.74
1012.64
1005.12
1000
1000
1000
1000
1000
1000
1000
1000
1000
1000
1002.5
1006.16
1009.57
1012.57
1015.04
1016.85
1017.86
1017.97
1017.07
1015.09
1011.94
1007.55
1001.88
994.871
986.481
976.674
965.418
952.679
938.428
922.631
905.258
886.272
865.637
843.317
819.273
793.466
765.861
736.425
705.131
671.959
636.899
599.953
561.139
520.49
478.06
433.922
388.171
340.923
292.318
 
311.445
363.153
413.378
461.968
508.794
553.753
596.765
637.773
676.741
713.652
748.508
781.322
812.12
840.936
867.809
892.785
915.906
937.217
956.76
974.574
990.693
1005.15
1017.97
1029.17
1038.77
1046.8
1053.26
1058.18
1061.58
1063.48
1063.93
1062.97
1060.67
1057.09
1052.33
1046.5
1039.71
1032.12
1023.88
1015.15
1006.11
1000
1000
1000
1000
1000
1000
1000
1000
1000
1000
1006.19
1015.27
1023.85
1031.65
1038.41
1043.92
1047.98
1050.47
1051.31
1050.47
1047.98
1043.92
1038.41
1031.65
1023.85
1015.27
1006.19
1000
1000
1000
1000
1000
1000
1000
1000
1000
1000
1005.76
1014.28
1022.47
1030.15
1037.14
1043.28
1048.42
1052.42
1055.16
1056.55
1056.51
1054.95
1051.83
1047.1
1040.72
1032.66
1022.88
1011.37
998.096
983.03
966.142
947.4
926.768
904.206
879.675
853.133
824.539
793.857
761.054
726.105
688.996
649.727
608.313
564.789
519.214
471.667
422.255
371.11
318.391
 
339.513
395.663
450.101
502.655
553.18
601.561
647.71
691.567
733.097
772.285
809.136
843.672
875.925
905.937
933.755
959.429
983.01
1004.55
1024.08
1041.66
1057.32
1071.07
1082.96
1092.98
1101.17
1107.52
1112.04
1114.75
1115.66
1114.8
1112.18
1107.87
1101.92
1094.41
1085.44
1075.15
1063.67
1051.18
1037.87
1023.95
1009.64
1000
1000
1000
1000
1000
1000
1000
1000
1000
1000
1007.46
1018.41
1028.75
1038.16
1046.31
1052.94
1057.84
1060.84
1061.85
1060.84
1057.84
1052.94
1046.31
1038.16
1028.75
1018.41
1007.46
1000
1000
1000
1000
1000
1000
1000
1000
1000
1000
1009.28
1023.04
1036.39
1049.1
1060.96
1071.76
1081.32
1089.49
1096.13
1101.13
1104.39
1105.84
1105.44
1103.13
1098.88
1092.66
1084.47
1074.27
1062.04
1047.76
1031.41
1012.95
992.351
969.568
944.558
917.276
887.675
855.711
821.344
784.542
745.286
703.568
659.402
612.822
563.887
512.685
459.333
403.979
346.804
 
370.059
431.013
489.994
546.808
601.293
653.322
702.801
749.668
793.89
835.457
874.383
910.697
944.443
975.671
1004.44
1030.81
1054.84
1076.57
1096.08
1113.38
1128.53
1141.54
1152.43
1161.22
1167.91
1172.5
1174.99
1175.37
1173.66
1169.86
1164.01
1156.13
1146.3
1134.6
1121.13
1106.05
1089.53
1071.77
1053
1033.47
1013.46
1000
1000
1000
1000
1000
1000
1000
1000
1000
1000
1008.98
1022.16
1034.61
1045.93
1055.73
1063.72
1069.61
1073.22
1074.44
1073.22
1069.61
1063.72
1055.73
1045.93
1034.61
1022.16
1008.98
1000
1000
1000
1000
1000
1000
1000
1000
1000
1000
1013.08
1032.51
1051.44
1069.59
1086.7
1102.52
1116.83
1129.47
1140.26
1149.1
1155.88
1160.52
1162.99
1163.23
1161.24
1156.98
1150.45
1141.63
1130.51
1117.09
1101.32
1083.18
1062.65
1039.66
1014.19
986.168
955.547
922.272
886.295
847.573
806.075
761.788
714.717
664.894
612.379
557.264
499.677
439.783
377.783
 
403.317
469.465
533.342
594.729
653.446
709.355
762.359
812.394
859.433
903.475
944.543
982.681
1017.95
1050.4
1080.12
1107.17
1131.62
1153.54
1172.97
1189.97
1204.56
1216.78
1226.64
1234.13
1239.26
1242.01
1242.37
1240.32
1235.87
1229
1219.72
1208.08
1194.13
1177.96
1159.69
1139.48
1117.53
1094.07
1069.4
1043.8
1017.61
1000
1000
1000
1000
1000
1000
1000
1000
1000
1000
1010.79
1026.64
1041.61
1055.22
1067.01
1076.6
1083.68
1088.02
1089.49
1088.02
1083.68
1076.6
1067.01
1055.22
1041.61
1026.64
1010.79
1000
1000
1000
1000
1000
1000
1000
1000
1000
1000
1017.22
1042.8
1067.78
1091.82
1114.59
1135.81
1155.23
1172.64
1187.87
1200.79
1211.29
1219.31
1224.8
1227.73
1228.09
1225.88
1221.09
1213.73
1203.79
1191.26
1176.12
1158.35
1137.91
1114.76
1088.84
1060.09
1028.44
993.84
956.215
915.514
871.691
824.72
774.596
721.345
665.024
605.728
543.594
478.803
411.583
 
439.552
511.314
580.463
646.752
709.984
770.012
826.733
880.089
930.06
976.659
1019.93
1059.92
1096.71
1130.4
1161.05
1188.76
1213.61
1235.66
1254.99
1271.64
1285.65
1297.04
1305.81
1311.96
1315.47
1316.32
1314.48
1309.92
1302.6
1292.52
1279.66
1264.06
1245.75
1224.83
1201.43
1175.71
1147.91
1118.31
1087.23
1055.03
1022.12
1000
1000
1000
1000
1000
1000
1000
1000
1000
1000
1012.97
1032.01
1050
1066.34
1080.5
1092.01
1100.52
1105.73
1107.49
1105.73
1100.52
1092.01
1080.5
1066.34
1050
1032.01
1012.97
1000
1000
1000
1000
1000
1000
1000
1000
1000
1000
1021.72
1054.01
1085.57
1115.99
1144.89
1171.93
1196.83
1219.35
1239.31
1256.55
1270.98
1282.54
1291.19
1296.92
1299.74
1299.65
1296.68
1290.83
1282.11
1270.53
1256.07
1238.71
1218.4
1195.11
1168.77
1139.31
1106.65
1070.72
1031.43
988.701
942.481
892.723
839.406
782.545
722.19
658.436
591.427
521.363
448.494
 
479.065
556.895
631.717
703.255
771.295
835.679
896.305
953.124
1006.13
1055.35
1100.85
1142.71
1181.03
1215.92
1247.48
1275.81
1301.02
1323.18
1342.36
1358.63
1372.01
1382.53
1390.18
1394.95
1396.81
1395.71
1391.62
1384.46
1374.2
1360.79
1344.2
1324.44
1301.54
1275.58
1246.7
1215.08
1180.98
1144.72
1106.68
1067.3
1027.06
1000
1000
1000
1000
1000
1000
1000
1000
1000
1000
1015.58
1038.44
1060.04
1079.65
1096.65
1110.47
1120.67
1126.92
1129.03
1126.92
1120.67
1110.47
1096.65
1079.65
1060.04
1038.44
1015.58
1000
1000
1000
1000
1000
1000
1000
1000
1000
1000
1026.64
1066.25
1104.98
1142.35
1177.89
1211.22
1242.01
1269.98
1294.95
1316.75
1335.31
1350.57
1362.51
1371.14
1376.49
1378.59
1377.48
1373.19
1365.75
1355.15
1341.41
1324.49
1304.37
1280.98
1254.26
1224.13
1190.48
1153.23
1112.26
1067.49
1018.82
966.186
909.549
848.904
784.288
715.793
643.569
567.828
488.848
 
522.204
606.592
687.514
764.664
837.809
906.786
971.497
1031.91
1088.03
1139.91
1187.66
1231.38
1271.19
1307.24
1339.65
1368.56
1394.07
1416.28
1435.28
1451.12
1463.85
1473.47
1479.97
1483.35
1483.53
1480.46
1474.08
1464.28
1451.01
1434.17
1413.72
1389.63
1361.91
1330.64
1295.93
1257.98
1217.09
1173.61
1127.98
1080.74
1032.46
1000
1000
1000
1000
1000
1000
1000
1000
1000
1000
1018.7
1046.15
1072.08
1095.61
1116
1132.57
1144.8
1152.29
1154.82
1152.29
1144.8
1132.57
1116
1095.61
1072.08
1046.15
1018.7
1000
1000
1000
1000
1000
1000
1000
1000
1000
1000
1032.04
1079.68
1126.26
1171.19
1213.94
1254.06
1291.16
1324.95
1355.22
1381.82
1404.68
1423.77
1439.1
1450.71
1458.65
1462.99
1463.78
1461.08
1454.93
1445.36
1432.37
1415.94
1396.04
1372.61
1345.56
1314.8
1280.22
1241.69
1199.07
1152.25
1101.1
1045.53
985.466
920.875
851.78
778.259
700.463
618.618
533.031
 
569.368
660.845
748.323
831.463
910.015
983.814
1052.77
1116.87
1176.16
1230.73
1280.7
1326.23
1367.48
1404.62
1437.82
1467.22
1492.97
1515.18
1533.93
1549.31
1561.35
1570.05
1575.41
1577.37
1575.88
1570.85
1562.17
1549.72
1533.39
1513.07
1488.66
1460.1
1427.35
1390.47
1349.57
1304.86
1256.63
1205.3
1151.4
1095.54
1038.42
1000
1000
1000
1000
1000
1000
1000
1000
1000
1000
1022.45
1055.41
1086.52
1114.75
1139.19
1159.05
1173.7
1182.67
1185.69
1182.67
1173.7
1159.05
1139.19
1114.75
1086.52
1055.41
1022.45
1000
1000
1000
1000
1000
1000
1000
1000
1000
1000
1037.99
1094.47
1149.67
1202.87
1253.46
1300.9
1344.77
1384.74
1420.6
1452.21
1479.54
1502.57
1521.36
1535.98
1546.54
1553.12
1555.82
1554.73
1549.9
1541.37
1529.17
1513.28
1493.66
1470.24
1442.93
1411.62
1376.17
1336.42
1292.21
1243.37
1189.76
1131.22
1067.64
998.968
925.186
846.356
762.623
674.223
581.489
 
621.024
720.165
814.683
904.206
988.466
1067.3
1140.65
1208.51
1270.98
1328.2
1380.34
1427.59
1470.18
1508.32
1542.19
1572
1597.9
1620.03
1638.49
1653.36
1664.68
1672.46
1676.66
1677.24
1674.1
1667.13
1656.19
1641.11
1621.75
1597.92
1569.5
1536.34
1498.4
1455.65
1408.21
1356.25
1300.11
1240.25
1177.27
1111.91
1045.01
1000
1000
1000
1000
1000
1000
1000
1000
1000
1000
1026.96
1066.52
1103.85
1137.71
1167
1190.78
1208.3
1219.03
1222.65
1219.03
1208.3
1190.78
1167
1137.71
1103.85
1066.52
1026.96
1000
1000
1000
1000
1000
1000
1000
1000
1000
1000
1044.58
1110.84
1175.53
1237.82
1296.94
1352.29
1403.4
1449.91
1491.63
1528.45
1560.35
1587.39
1609.67
1627.31
1640.47
1649.28
1653.88
1654.37
1650.86
1643.39
1632.01
1616.69
1597.41
1574.08
1546.61
1514.84
1478.62
1437.76
1392.04
1341.27
1285.24
1223.74
1156.61
1083.75
1005.1
920.684
830.643
735.211
634.751
 
677.718
785.149
887.223
983.532
1073.8
1157.86
1235.69
1307.35
1372.97
1432.75
1486.94
1535.8
1579.58
1618.56
1652.99
1683.08
1709.02
1730.98
1749.08
1763.4
1773.98
1780.83
1783.91
1783.15
1778.42
1769.58
1756.45
1738.82
1716.47
1689.19
1656.74
1618.94
1575.66
1526.83
1472.48
1412.8
1348.12
1278.96
1206
1130.12
1052.35
1000
1000
1000
1000
1000
1000
1000
1000
1000
1000
1032.38
1079.88
1124.68
1165.27
1200.35
1228.8
1249.75
1262.56
1266.88
1262.56
1249.75
1228.8
1200.35
1165.27
1124.68
1079.88
1032.38
1000
1000
1000
1000
1000
1000
1000
1000
1000
1000
1051.93
1129.06
1204.28
1276.55
1344.98
1408.88
1467.71
1521.13
1568.94
1611.1
1647.64
1678.7
1704.44
1725.05
1740.75
1751.73
1758.17
1760.22
1758
1751.6
1741.05
1726.36
1707.48
1684.34
1656.8
1624.7
1587.86
1546.02
1498.95
1446.38
1388.02
1323.63
1252.97
1175.86
1092.18
1001.94
905.213
802.253
693.439
 
740.096
856.499
966.679
1070.18
1166.73
1256.18
1338.55
1413.96
1482.63
1544.84
1600.9
1651.16
1695.95
1735.59
1770.39
1800.6
1826.46
1848.15
1865.81
1879.53
1889.36
1895.3
1897.29
1895.24
1889.02
1878.42
1863.23
1843.18
1817.99
1787.35
1750.96
1708.54
1659.85
1604.75
1543.19
1475.31
1401.42
1322.09
1238.11
1150.53
1060.59
1000
1000
1000
1000
1000
1000
1000
1000
1000
1000
1038.91
1095.97
1149.73
1198.39
1240.37
1274.37
1299.37
1314.65
1319.79
1314.65
1299.37
1274.37
1240.37
1198.39
1149.73
1095.97
1038.91
1000
1000
1000
1000
1000
1000
1000
1000
1000
1000
1060.17
1149.48
1236.42
1319.72
1398.34
1471.45
1538.5
1599.14
1653.24
1700.81
1741.99
1777
1806.1
1829.57
1847.69
1860.73
1868.92
1872.45
1871.48
1866.12
1856.43
1842.41
1824.01
1801.16
1773.7
1741.44
1704.14
1661.54
1613.31
1559.12
1498.63
1431.48
1357.37
1276.01
1187.22
1090.91
987.148
876.141
758.298
 
808.925
935.05
1053.92
1165.03
1268.11
1363.05
1449.95
1529
1600.53
1664.92
1722.6
1774
1819.53
1859.59
1894.54
1924.69
1950.31
1971.6
1988.74
2001.81
2010.88
2015.92
2016.89
2013.67
2006.07
1993.88
1976.81
1954.55
1926.72
1892.93
1852.78
1805.85
1751.79
1690.32
1621.29
1544.74
1460.95
1370.49
1274.29
1173.58
1069.91
1000
1000
1000
1000
1000
1000
1000
1000
1000
1000
1046.8
1115.39
1179.93
1238.24
1288.43
1328.99
1358.76
1376.93
1383.03
1376.93
1358.76
1328.99
1288.43
1238.24
1179.93
1115.39
1046.8
1000
1000
1000
1000
1000
1000
1000
1000
1000
1000
1069.5
1172.57
1272.64
1368.18
1457.94
1540.98
1616.71
1684.85
1745.33
1798.3
1844.01
1882.81
1915.08
1941.21
1961.57
1976.5
1986.29
1991.2
1991.42
1987.07
1978.24
1964.93
1947.11
1924.68
1897.45
1865.23
1827.72
1784.6
1735.48
1679.97
1617.6
1547.93
1470.54
1385.03
1291.1
1188.56
1077.41
957.826
830.224
 
885.123
1021.8
1149.97
1269.1
1378.92
1479.38
1570.68
1653.15
1727.25
1793.49
1852.43
1904.61
1950.55
1990.72
2025.56
2055.42
2080.6
2101.36
2117.87
2130.25
2138.54
2142.74
2142.77
2138.49
2129.7
2116.13
2097.44
2073.25
2043.09
2006.47
1962.84
1911.66
1852.4
1784.6
1707.93
1622.3
1527.88
1425.25
1315.42
1199.89
1080.57
1000
1000
1000
1000
1000
1000
1000
1000
1000
1000
1056.36
1138.9
1216.41
1286.25
1346.19
1394.47
1429.8
1451.33
1458.55
1451.33
1429.8
1394.47
1346.19
1286.25
1216.41
1138.9
1056.36
1000
1000
1000
1000
1000
1000
1000
1000
1000
1000
1080.18
1198.91
1313.83
1423.02
1524.98
1618.67
1703.51
1779.31
1846.16
1904.36
1954.36
1996.66
2031.81
2060.3
2082.63
2099.22
2110.44
2116.58
2117.87
2114.49
2106.52
2093.98
2076.83
2054.96
2028.18
1996.23
1958.79
1915.48
1865.84
1809.36
1745.49
1673.66
1593.28
1503.83
1404.83
1295.98
1177.15
1048.45
910.307
 
969.8
1117.95
1256.08
1383.62
1500.3
1606.21
1701.67
1787.19
1863.42
1931.04
1990.76
2043.27
2089.2
2129.11
2163.5
2192.8
2217.34
2237.4
2253.18
2264.8
2272.31
2275.71
2274.91
2269.74
2259.98
2245.3
2225.32
2199.58
2167.51
2128.5
2081.86
2026.85
1962.74
1888.82
1804.52
1709.5
1603.75
1487.79
1362.71
1230.28
1092.91
1000
1000
1000
1000
1000
1000
1000
1000
1000
1000
1068
1167.48
1260.64
1344.25
1415.68
1472.96
1514.71
1540.08
1548.59
1540.08
1514.71
1472.96
1415.68
1344.25
1260.64
1167.48
1068
1000
1000
1000
1000
1000
1000
1000
1000
1000
1000
1092.54
1229.34
1361.19
1485.66
1600.98
1706.03
1800.3
1883.77
1956.77
2019.87
2073.74
2119.11
2156.7
2187.16
2211.1
2229.04
2241.43
2248.61
2250.86
2248.37
2241.25
2229.53
2213.17
2192.03
2165.91
2134.53
2097.51
2054.41
2004.69
1947.74
1882.89
1809.38
1726.49
1633.46
1529.63
1414.49
1287.75
1149.41
999.879
 
1064.3
1224.96
1373.76
1510.04
1633.63
1744.75
1843.93
1931.94
2009.67
2078.03
2137.93
2190.2
2235.6
2274.8
2308.37
2336.78
2360.43
2379.61
2394.53
2405.34
2412.09
2414.76
2413.25
2407.39
2396.91
2381.46
2360.6
2333.78
2300.35
2259.56
2210.55
2152.36
2084
2004.43
1912.75
1808.23
1690.56
1560.04
1417.79
1265.9
1107.43
1000
1000
1000
1000
1000
1000
1000
1000
1000
1000
1082.28
1202.45
1314.53
1414.54
1499.42
1567.05
1616.09
1645.75
1655.68
1645.75
1616.09
1567.05
1499.42
1414.54
1314.53
1202.45
1082.28
1000
1000
1000
1000
1000
1000
1000
1000
1000
1000
1107.08
1265.02
1416.36
1558.04
1687.95
1804.97
1908.77
1999.67
2078.37
2145.77
2202.88
2250.68
2290.12
2322.02
2347.11
2366.02
2379.27
2387.26
2390.31
2388.63
2382.34
2371.49
2356.03
2335.82
2310.64
2280.16
2243.98
2201.58
2152.34
2095.54
2030.35
1955.87
1871.11
1775.09
1666.87
1545.64
1410.88
1262.42
1100.59
 
1170.28
1344.66
1504.86
1650.18
1780.53
1896.38
1998.59
2088.29
2166.66
2234.93
2294.22
2345.54
2389.8
2427.76
2460.07
2487.25
2509.72
2527.82
2541.76
2551.69
2557.68
2559.69
2557.63
2551.3
2540.42
2524.59
2503.33
2476.02
2441.92
2400.12
2349.6
2289.16
2217.47
2133.11
2034.67
1920.89
1790.92
1644.62
1482.99
1308.43
1124.86
1000
1000
1000
1000
1000
1000
1000
1000
1000
1000
1099.98
1245.61
1380.63
1500.09
1600.54
1679.84
1736.89
1771.21
1782.67
1771.21
1736.89
1679.84
1600.54
1500.09
1380.63
1245.61
1099.98
1000
1000
1000
1000
1000
1000
1000
1000
1000
1000
1124.53
1307.61
1481.67
1642.77
1788.49
1917.86
2030.98
2128.69
2212.24
2283.03
2342.46
2391.85
2432.37
2465.04
2490.73
2510.15
2523.9
2532.43
2536.08
2535.1
2529.62
2519.7
2505.27
2486.2
2462.24
2433.06
2398.19
2357.06
2308.98
2253.09
2188.43
2113.88
2028.19
1930.05
1818.16
1691.31
1548.61
1389.61
1214.51
 
1289.78
1479.32
1651.73
1806.23
1942.94
2062.71
2166.91
2257.13
2335.02
2402.12
2459.83
2509.36
2551.76
2587.88
2618.43
2643.98
2664.98
2681.77
2694.59
2703.59
2708.82
2710.27
2707.83
2701.28
2690.34
2674.58
2653.48
2626.36
2592.4
2550.57
2499.66
2438.21
2364.54
2276.73
2172.73
2050.49
1908.28
1745.17
1561.66
1360.34
1146.28
1000
1000
1000
1000
1000
1000
1000
1000
1000
1000
1122.23
1299.58
1462.5
1604.88
1722.96
1814.98
1880.47
1919.57
1932.57
1919.57
1880.47
1814.98
1722.96
1604.88
1462.5
1299.58
1122.23
1000
1000
1000
1000
1000
1000
1000
1000
1000
1000
1145.98
1359.59
1560.45
1743.48
1906.07
2047.72
2169.35
2272.69
2359.75
2432.6
2493.12
2543
2583.65
2616.29
2641.91
2661.31
2675.14
2683.89
2687.94
2687.54
2682.84
2673.89
2660.64
2642.94
2620.54
2593.07
2560.05
2520.86
2474.72
2420.68
2357.61
2284.16
2198.79
2099.8
1985.37
1853.75
1703.48
1533.66
1344.26
 
1425.37
1631.84
1817.34
1980.97
2123.21
2245.59
2350.21
2439.37
2515.26
2579.85
2634.82
2681.59
2721.31
2754.91
2783.17
2806.67
2825.87
2841.13
2852.68
2860.68
2865.18
2866.16
2863.51
2857.02
2846.38
2831.18
2810.85
2784.7
2751.83
2711.13
2661.21
2600.37
2526.55
2437.29
2329.72
2200.72
2047.23
1866.82
1658.79
1425.51
1173.43
1000
1000
1000
1000
1000
1000
1000
1000
1000
1000
1150.81
1368.3
1565.31
1734.27
1871.63
1976.75
2050.46
2094.02
2108.42
2094.02
2050.46
1976.75
1871.63
1734.27
1565.31
1368.3
1150.81
1000
1000
1000
1000
1000
1000
1000
1000
1000
1000
1173.17
1424.84
1657.71
1865.3
2045.25
2198.25
2326.7
2433.67
2522.27
2595.35
2655.35
2704.34
2743.99
2775.66
2800.46
2819.24
2832.7
2841.34
2845.55
2845.6
2841.64
2833.72
2821.79
2805.7
2785.2
2759.91
2729.33
2692.81
2649.52
2598.42
2538.22
2467.36
2383.98
2285.89
2170.64
2035.7
1878.72
1698.06
1493.24
 
1580.33
1806.1
2005.65
2177.95
2324.2
2447.07
2549.85
2635.79
2707.77
2768.21
2819.09
2861.97
2898.1
2928.48
2953.88
2974.88
2991.96
3005.46
3015.6
3022.53
3026.32
3026.93
3024.25
3018.09
3008.15
2994.01
2975.13
2950.79
2920.06
2881.8
2834.49
2776.26
2704.69
2616.76
2508.71
2376.06
2213.74
2016.85
1782.07
1510.26
1209.3
1000
1000
1000
1000
1000
1000
1000
1000
1000
1000
1188.7
1458.14
1696.78
1895.68
2052.78
2169.98
2250.55
2297.54
2312.97
2297.54
2250.55
2169.98
2052.78
1895.68
1696.78
1458.14
1188.7
1000
1000
1000
1000
1000
1000
1000
1000
1000
1000
1209.07
1509.68
1781.13
2015.53
2212.02
2373.9
2506.08
2613.6
2700.96
2771.88
2829.39
2875.87
2913.21
2942.88
2966.04
2983.57
2996.16
3004.34
3008.48
3008.84
3005.57
2998.73
2988.27
2974.04
2955.79
2933.16
2905.65
2872.6
2833.15
2786.21
2730.4
2663.96
2584.7
2489.91
2376.37
2240.44
2078.44
1887.38
1665.95
 
1758.91
2007.4
2222.08
2401.81
2549.3
2669.34
2767.03
2846.9
2912.6
2966.99
3012.24
3050.03
3081.64
3108.05
3130.01
3148.09
3162.72
3174.22
3182.81
3188.62
3191.7
3192.04
3189.52
3183.98
3175.11
3162.56
3145.78
3124.11
3096.65
3062.25
3019.39
2966.08
2899.71
2816.79
2712.72
2581.47
2415.42
2205.65
1943.65
1625.59
1259.34
1000
1000
1000
1000
1000
1000
1000
1000
1000
1000
1241.36
1580.07
1869.07
2099.48
2274
2399.78
2484.08
2532.43
2548.18
2532.43
2484.08
2399.78
2274
2099.48
1869.07
1580.07
1241.36
1000
1000
1000
1000
1000
1000
1000
1000
1000
1000
1259.14
1625.1
1942.86
2204.54
2413.97
2579.66
2710.51
2814.14
2896.57
2962.4
3015.09
3057.26
3090.88
3117.45
3138.11
3153.74
3164.98
3172.34
3176.17
3176.71
3174.09
3168.38
3159.52
3147.39
3131.75
3112.25
3088.44
3059.68
3025.13
2983.7
2933.98
2874.1
2801.61
2713.31
2605.11
2471.92
2307.99
2107.91
1868.61
 
1966.8
2243.55
2474.53
2658.7
2802.42
2914.44
3002.55
3072.74
3129.37
3175.57
3213.58
3245.05
3271.19
3292.91
3310.88
3325.61
3337.49
3346.79
3353.7
3358.34
3360.74
3360.89
3358.7
3354.02
3346.6
3336.1
3322.08
3303.93
3280.84
3251.76
3215.26
3169.43
3111.64
3038.24
2944.08
2821.84
2661.1
2447.52
2163.23
1792
1334.79
1000
1000
1000
1000
1000
1000
1000
1000
1000
1000
1319.98
1754.47
2101.67
2359.75
2543.91
2670.8
2753.22
2799.59
2814.55
2799.59
2753.22
2670.8
2543.91
2359.75
2101.67
1754.47
1319.98
1000
1000
1000
1000
1000
1000
1000
1000
1000
1000
1334.63
1791.61
2162.6
2446.64
2659.95
2820.39
2942.32
3036.12
3109.13
3166.48
3211.82
3247.76
3276.22
3298.59
3315.94
3329.03
3338.47
3344.68
3347.97
3348.55
3346.55
3342.01
3334.89
3325.08
3312.37
3296.47
3276.96
3253.28
3224.68
3190.15
3148.33
3097.38
3034.79
2957.05
2859.25
2734.65
2574.45
2368.76
2110.3
 
2211.67
2527.24
2775.33
2956.71
3087.51
3183.63
3256.23
3312.5
3357.02
3392.84
3422.02
3446
3465.8
3482.17
3495.66
3506.69
3515.56
3522.48
3527.59
3531
3532.74
3532.78
3531.07
3527.47
3521.81
3513.81
3503.11
3489.24
3471.54
3449.14
3420.85
3385.04
3339.37
3280.5
3203.4
3100.38
2959.25
2760.29
2472.14
2050.79
1462.85
1000
1000
1000
1000
1000
1000
1000
1000
1000
1000
1451.68
2022.47
2425.64
2693.9
2870.43
2985.62
3057.88
3097.7
3110.43
3097.7
3057.88
2985.62
2870.43
2693.9
2425.64
2022.47
1451.68
1000
1000
1000
1000
1000
1000
1000
1000
1000
1000
1462.74
2050.51
2471.67
2759.64
2958.4
3099.32
3202.1
3278.94
3337.53
3382.87
3418.32
3446.19
3468.13
3485.3
3498.58
3508.59
3515.8
3520.56
3523.12
3523.65
3522.22
3518.89
3513.61
3506.31
3496.83
3484.92
3470.26
3452.4
3430.72
3404.38
3372.25
3332.69
3283.42
3221.01
3140.28
3033.15
2887.05
2684
2405.67
 
2503.05
2883.04
3145.41
3305.25
3406.78
3476.1
3526.27
3564.16
3593.65
3617.11
3636.07
3651.56
3664.29
3674.79
3683.41
3690.45
3696.09
3700.48
3703.72
3705.87
3706.94
3706.94
3705.82
3703.49
3699.83
3694.66
3687.75
3678.78
3667.3
3652.73
3634.24
3610.68
3580.39
3540.87
3488.24
3416.17
3313.64
3160.14
2914.33
2489.09
1727.57
1000
1000
1000
1000
1000
1000
1000
1000
1000
1000
1720.41
2470.93
2884.5
3117.5
3256.53
3342.22
3394.23
3422.38
3431.3
3422.38
3394.23
3342.22
3256.53
3117.5
2884.5
2470.93
1720.41
1000
1000
1000
1000
1000
1000
1000
1000
1000
1000
1727.5
2488.91
2914.04
3159.73
3313.11
3415.5
3487.42
3539.89
3579.23
3609.32
3632.64
3650.87
3665.15
3676.3
3684.89
3691.36
3696.03
3699.12
3700.79
3701.16
3700.28
3698.19
3694.85
3690.21
3684.18
3676.58
3667.21
3655.75
3641.8
3624.77
3603.88
3577.95
3545.28
3503.21
3447.36
3370
3256.43
3077.28
2782.7
 
2842.01
3381.39
3619
3708.82
3756.63
3787.08
3808.42
3824.25
3836.45
3846.08
3853.83
3860.14
3865.32
3869.57
3873.06
3875.91
3878.19
3879.96
3881.26
3882.13
3882.56
3882.55
3882.09
3881.14
3879.65
3877.54
3874.73
3871.07
3866.39
3860.43
3852.85
3843.16
3830.63
3814.18
3792.04
3761.25
3716.34
3646.05
3523.19
3263.69
2498.25
1000
1000
1000
1000
1000
1000
1000
1000
1000
1000
2495.35
3256.33
3511.09
3628.74
3693.14
3731.18
3753.75
3765.82
3769.63
3765.82
3753.75
3731.18
3693.14
3628.74
3511.09
3256.33
2495.35
1000
1000
1000
1000
1000
1000
1000
1000
1000
1000
2498.22
3263.62
3523.07
3645.89
3716.13
3760.98
3791.71
3813.78
3830.17
3842.61
3852.21
3859.68
3865.53
3870.07
3873.58
3876.22
3878.12
3879.38
3880.06
3880.22
3879.87
3879.03
3877.69
3875.82
3873.38
3870.31
3866.51
3861.86
3856.19
3849.25
3840.71
3830.06
3816.54
3798.95
3775.18
3741.18
3687.66
3586.99
3320.69
 
3139.78
4000
4000
4000
4000
4000
4000
4000
4000
4000
4000
4000
4000
4000
4000
4000
4000
4000
4000
4000
4000
4000
4000
4000
4000
4000
4000
4000
4000
4000
4000
4000
4000
4000
4000
4000
4000
4000
4000
4000
4000
4000
4000
4000
4000
4000
4000
4000
4000
4000
4000
4000
4000
4000
4000
4000
4000
4000
4000
4000
4000
4000
4000
4000
4000
4000
4000
4000
4000
4000
4000
4000
4000
4000
4000
4000
4000
4000
4000
4000
4000
4000
4000
4000
4000
4000
4000
4000
4000
4000
4000
4000
4000
4000
4000
4000
4000
4000
4000
4000
4000
4000
4000
4000
4000
4000
4000
4000
4000
4000
4000
4000
4000
4000
4000
4000
4000
 
3273.5
4000
4000
4000
4000
4000
4000
4000
4000
4000
4000
4000
4000
4000
4000
4000
4000
4000
4000
4000
4000
4000
4000
4000
4000
4000
4000
4000
4000
4000
4000
4000
4000
4000
4000
4000
4000
4000
4000
4000
4000
4000
4000
4000
4000
4000
4000
4000
4000
4000
4000
4000
4000
4000
4000
4000
4000
4000
4000
4000
4000
4000
4000
4000
4000
4000
4000
4000
4000
4000
4000
4000
4000
4000
4000
4000
4000
4000
4000
4000
4000
4000
4000
4000
4000
4000
4000
4000
4000
4000
4000
4000
4000
4000
4000
4000
4000
4000
4000
4000
4000
4000
4000
4000
4000
4000
4000
4000
4000
4000
4000
4000
4000
4000
4000
4000
4000
 
3328.83
4000
4000
4000
4000
4000
4000
4000
4000
4000
4000
4000
4000
4000
4000
4000
4000
4000
4000
4000
4000
4000
4000
4000
4000
4000
4000
4000
4000
4000
4000
4000
4000
4000
4000
4000
4000
4000
4000
4000
4000
4000
4000
4000
4000
4000
4000
4000
4000
4000
4000
4000
4000
4000
4000
4000
4000
4000
4000
4000
4000
4000
4000
4000
4000
4000
4000
4000
4000
4000
4000
4000
4000
4000
4000
4000
4000
4000
4000
4000
4000
4000
4000
4000
4000
4000
4000
4000
4000
4000
4000
4000
4000
4000
4000
4000
4000
4000
4000
4000
4000
4000
4000
4000
4000
4000
4000
4000
4000
4000
4000
4000
4000
4000
4000
4000
4000
 
3353.86
4000
4000
4000
4000
4000
4000
4000
4000
4000
4000
4000
4000
4000
4000
4000
4000
4000
4000
4000
4000
4000
4000
4000
4000
4000
4000
4000
4000
4000
4000
4000
4000
4000
4000
4000
4000
4000
4000
4000
4000
4000
4000
4000
4000
4000
4000
4000
4000
4000
4000
4000
4000
4000
4000
4000
4000
4000
4000
4000
4000
4000
4000
4000
4000
4000
4000
4000
4000
4000
4000
4000
4000
4000
4000
4000
4000
4000
4000
4000
4000
4000
4000
4000
4000
4000
4000
4000
4000
4000
4000
4000
4000
4000
4000
4000
4000
4000
4000
4000
4000
4000
4000
4000
4000
4000
4000
4000
4000
4000
4000
4000
4000
4000
4000
4000
4000
 
3363.96
4000
4000
4000
4000
4000
4000
4000
4000
4000
4000
4000
4000
4000
4000
4000
4000
4000
4000
4000
4000
4000
4000
4000
4000
4000
4000
4000
4000
4000
4000
4000
4000
4000
4000
4000
4000
4000
4000
4000
4000
4000
4000
4000
4000
4000
4000
4000
4000
4000
4000
4000
4000
4000
4000
4000
4000
4000
4000
4000
4000
4000
4000
4000
4000
4000
4000
4000
4000
4000
4000
4000
4000
4000
4000
4000
4000
4000
4000
4000
4000
4000
4000
4000
4000
4000
4000
4000
4000
4000
4000
4000
4000
4000
4000
4000
4000
4000
4000
4000
4000
4000
4000
4000
4000
4000
4000
4000
4000
4000
4000
4000
4000
4000
4000
4000
4000
 
3363.96
4000
4000
4000
4000
4000
4000
4000
4000
4000
4000
4000
4000
4000
4000
4000
4000
4000
4000
4000
4000
4000
4000
4000
4000
4000
4000
4000
4000
4000
4000
4000
4000
4000
4000
4000
4000
4000
4000
4000
4000
4000
4000
4000
4000
4000
4000
4000
4000
4000
4000
4000
4000
4000
4000
4000
4000
4000
4000
4000
4000
4000
4000
4000
4000
4000
4000
4000
4000
4000
4000
4000
4000
4000
4000
4000
4000
4000
4000
4000
4000
4000
4000
4000
4000
4000
4000
4000
4000
4000
4000
4000
4000
4000
4000
4000
4000
4000
4000
4000
4000
4000
4000
4000
4000
4000
4000
4000
4000
4000
4000
4000
4000
4000
4000
4000
4000
 
3353.86
4000
4000
4000
4000
4000
4000
4000
4000
4000
4000
4000
4000
4000
4000
4000
4000
4000
4000
4000
4000
4000
4000
4000
4000
4000
4000
4000
4000
4000
4000
4000
4000
4000
4000
4000
4000
4000
4000
4000
4000
4000
4000
4000
4000
4000
4000
4000
4000
4000
4000
4000
4000
4000
4000
4000
4000
4000
4000
4000
4000
4000
4000
4000
4000
4000
4000
4000
4000
4000
4000
4000
4000
4000
4000
4000
4000
4000
4000
4000
4000
4000
4000
4000
4000
4000
4000
4000
4000
4000
4000
4000
4000
4000
4000
4000
4000
4000
4000
4000
4000
4000
4000
4000
4000
4000
4000
4000
4000
4000
4000
4000
4000
4000
4000
4000
4000
 
3328.81
4000
4000
4000
4000
4000
4000
4000
4000
4000
4000
4000
4000
4000
4000
4000
4000
4000
4000
4000
4000
4000
4000
4000
4000
4000
4000
4000
4000
4000
4000
4000
4000
4000
4000
4000
4000
4000
4000
4000
4000
4000
4000
4000
4000
4000
4000
4000
4000
4000
4000
4000
4000
4000
4000
4000
4000
4000
4000
4000
4000
4000
4000
4000
4000
4000
4000
4000
4000
4000
4000
4000
4000
4000
4000
4000
4000
4000
4000
4000
4000
4000
4000
4000
4000
4000
4000
4000
4000
4000
4000
4000
4000
4000
4000
4000
4000
4000
4000
4000
4000
4000
4000
4000
4000
4000
4000
4000
4000
4000
4000
4000
4000
4000
4000
4000
4000
 
3273.48
4000
4000
4000
4000
4000
4000
4000
4000
4000
4000
4000
4000
4000
4000
4000
4000
4000
4000
4000
4000
4000
4000
4000
4000
4000
4000
4000
4000
4000
4000
4000
4000
4000
4000
4000
4000
4000
4000
4000
4000
4000
4000
4000
4000
4000
4000
4000
4000
4000
4000
4000
4000
4000
4000
4000
4000
4000
4000
4000
4000
4000
4000
4000
4000
4000
4000
4000
4000
4000
4000
4000
4000
4000
4000
4000
4000
4000
4000
4000
4000
4000
4000
4000
4000
4000
4000
4000
4000
4000
4000
4000
4000
4000
4000
4000
4000
4000
4000
4000
4000
4000
4000
4000
4000
4000
4000
4000
4000
4000
4000
4000
4000
4000
4000
4000
4000
 
3139.72
4000
4000
4000
4000
4000
4000
4000
4000
4000
4000
4000
4000
4000
4000
4000
4000
4000
4000
4000
4000
4000
4000
4000
4000
4000
4000
4000
4000
4000
4000
4000
4000
4000
4000
4000
4000
4000
4000
4000
4000
4000
4000
4000
4000
4000
4000
4000
4000
4000
4000
4000
4000
4000
4000
4000
4000
4000
4000
4000
4000
4000
4000
4000
4000
4000
4000
4000
4000
4000
4000
4000
4000
4000
4000
4000
4000
4000
4000
4000
4000
4000
4000
4000
4000
4000
4000
4000
4000
4000
4000
4000
4000
4000
4000
4000
4000
4000
4000
4000
4000
4000
4000
4000
4000
4000
4000
4000
4000
4000
4000
4000
4000
4000
4000
4000
4000
 
2841.9
3381.29
3618.9
3708.71
3756.51
3786.95
3808.28
3824.09
3836.27
3845.9
3853.63
3859.93
3865.09
3869.33
3872.81
3875.64
3877.91
3879.66
3880.96
3881.81
3882.24
3882.22
3881.75
3880.8
3879.31
3877.21
3874.4
3870.75
3866.07
3860.13
3852.56
3842.89
3830.38
3813.95
3791.84
3761.07
3716.19
3645.93
3523.1
3263.64
2498.23
1000
1000
1000
1000
1000
1000
1000
1000
1000
1000
2495.34
3256.32
3511.07
3628.72
3693.11
3731.15
3753.72
3765.79
3769.6
3765.79
3753.72
3731.15
3693.11
3628.72
3511.07
3256.32
2495.34
1000
1000
1000
1000
1000
1000
1000
1000
1000
1000
2498.2
3263.57
3522.99
3645.77
3715.98
3760.81
3791.51
3813.56
3829.92
3842.34
3851.93
3859.39
3865.22
3869.76
3873.26
3875.89
3877.79
3879.05
3879.74
3879.9
3879.56
3878.73
3877.39
3875.53
3873.11
3870.05
3866.26
3861.63
3855.97
3849.05
3840.52
3829.88
3816.38
3798.8
3775.05
3741.06
3687.56
3586.9
3320.6
 
2502.85
2882.82
3145.17
3304.98
3406.48
3475.77
3525.91
3563.76
3593.22
3616.64
3635.57
3651.02
3663.72
3674.18
3682.77
3689.77
3695.38
3699.74
3702.95
3705.08
3706.14
3706.12
3704.98
3702.64
3698.98
3693.82
3686.92
3677.96
3666.51
3651.96
3633.51
3610
3579.75
3540.29
3487.72
3415.72
3313.26
3159.84
2914.11
2488.95
1727.51
1000
1000
1000
1000
1000
1000
1000
1000
1000
1000
1720.4
2470.9
2884.46
3117.45
3256.46
3342.14
3394.15
3422.29
3431.21
3422.29
3394.15
3342.14
3256.46
3117.45
2884.46
2470.9
1720.4
1000
1000
1000
1000
1000
1000
1000
1000
1000
1000
1727.44
2488.77
2913.82
3159.44
3312.74
3415.06
3486.92
3539.32
3578.61
3608.65
3631.93
3650.13
3664.38
3675.5
3684.08
3690.54
3695.21
3698.3
3699.98
3700.36
3699.5
3697.43
3694.11
3689.5
3683.49
3675.93
3666.59
3655.17
3641.25
3624.26
3603.4
3577.51
3544.88
3502.84
3447.02
3369.7
3256.17
3077.05
2782.49
 
2211.38
2526.91
2774.95
2956.29
3087.03
3183.1
3255.65
3311.86
3356.33
3392.09
3421.22
3445.13
3464.88
3481.19
3494.63
3505.61
3514.42
3521.29
3526.36
3529.73
3531.43
3531.45
3529.72
3526.11
3520.44
3512.45
3501.77
3487.92
3470.25
3447.9
3419.67
3383.93
3338.34
3279.56
3202.56
3099.65
2958.64
2759.8
2471.78
2050.57
1462.76
1000
1000
1000
1000
1000
1000
1000
1000
1000
1000
1451.66
2022.43
2425.57
2693.81
2870.32
2985.49
3057.74
3097.55
3110.28
3097.55
3057.74
2985.49
2870.32
2693.81
2425.57
2022.43
1451.66
1000
1000
1000
1000
1000
1000
1000
1000
1000
1000
1462.65
2050.29
2471.32
2759.17
2957.8
3098.61
3201.29
3278.03
3336.53
3381.79
3417.17
3444.99
3466.88
3484.02
3497.27
3507.26
3514.47
3519.24
3521.82
3522.36
3520.96
3517.66
3512.42
3505.17
3495.73
3483.87
3469.26
3451.46
3429.83
3403.56
3371.48
3331.99
3282.77
3220.42
3139.75
3032.67
2886.63
2683.62
2405.35
 
1966.41
2243.09
2474.01
2658.11
2801.77
2913.71
3001.74
3071.85
3128.41
3174.53
3212.46
3243.85
3269.91
3291.55
3309.44
3324.1
3335.91
3345.15
3352
3356.57
3358.93
3359.04
3356.82
3352.12
3344.7
3334.21
3320.21
3302.09
3279.05
3250.03
3213.61
3167.88
3110.2
3036.93
2942.91
2820.82
2660.24
2446.84
2162.72
1791.68
1334.66
1000
1000
1000
1000
1000
1000
1000
1000
1000
1000
1319.95
1754.4
2101.57
2359.62
2543.75
2670.62
2753.03
2799.38
2814.34
2799.38
2753.03
2670.62
2543.75
2359.62
2101.57
1754.4
1319.95
1000
1000
1000
1000
1000
1000
1000
1000
1000
1000
1334.51
1791.3
2162.11
2445.97
2659.11
2819.4
2941.18
3034.85
3107.73
3164.98
3210.22
3246.09
3274.48
3296.81
3314.12
3327.19
3336.62
3342.84
3346.15
3346.76
3344.8
3340.3
3333.23
3323.48
3310.84
3295.01
3275.58
3251.98
3223.45
3189
3147.26
3096.4
3033.89
2956.23
2858.51
2733.99
2573.86
2368.25
2109.86
 
1758.42
2006.82
2221.42
2401.05
2548.45
2668.4
2765.99
2845.76
2911.36
2965.65
3010.8
3048.49
3079.99
3106.3
3128.16
3146.14
3160.68
3172.09
3180.6
3186.34
3189.36
3189.65
3187.1
3181.52
3172.65
3160.1
3143.35
3121.72
3094.33
3060.01
3017.25
2964.07
2897.84
2815.09
2711.2
2580.15
2414.3
2204.76
1943
1625.18
1259.17
1000
1000
1000
1000
1000
1000
1000
1000
1000
1000
1241.32
1579.98
1868.94
2099.3
2273.79
2399.54
2483.82
2532.15
2547.9
2532.15
2483.82
2399.54
2273.79
2099.3
1868.94
1579.98
1241.32
1000
1000
1000
1000
1000
1000
1000
1000
1000
1000
1258.98
1624.7
1942.23
2203.68
2412.89
2578.38
2709.03
2812.49
2894.76
2960.45
3013.02
3055.08
3088.62
3115.13
3135.75
3151.35
3162.59
3169.96
3173.81
3174.39
3171.82
3166.17
3157.38
3145.33
3129.77
3110.37
3086.66
3057.99
3023.54
2982.23
2932.61
2872.83
2800.45
2712.26
2604.16
2471.07
2307.24
2107.26
1868.05
 
1579.74
1805.4
2004.84
2177.03
2323.16
2445.91
2548.57
2634.39
2706.24
2766.56
2817.31
2860.06
2896.07
2926.32
2951.59
2972.48
2989.45
3002.83
3012.87
3019.72
3023.42
3023.97
3021.24
3015.06
3005.1
2990.97
2972.12
2947.83
2917.18
2879.02
2831.84
2773.76
2702.37
2614.64
2506.81
2374.4
2212.36
2015.74
1781.25
1509.75
1209.09
1000
1000
1000
1000
1000
1000
1000
1000
1000
1000
1188.66
1458.04
1696.62
1895.46
2052.51
2169.67
2250.21
2297.19
2312.61
2297.19
2250.21
2169.67
2052.51
1895.46
1696.62
1458.04
1188.66
1000
1000
1000
1000
1000
1000
1000
1000
1000
1000
1208.87
1509.18
1780.34
2014.45
2210.68
2372.3
2504.24
2611.54
2698.7
2769.45
2826.81
2873.17
2910.41
2940.01
2963.11
2980.61
2993.2
3001.39
3005.56
3005.97
3002.77
2996
2985.62
2971.49
2953.35
2930.84
2903.45
2870.52
2831.2
2784.39
2728.71
2662.4
2583.27
2488.61
2375.2
2239.39
2077.52
1886.58
1665.27
 
1424.67
1631.01
1816.38
1979.87
2121.98
2244.21
2348.69
2437.7
2513.44
2577.88
2632.7
2679.31
2718.87
2752.33
2780.43
2803.79
2822.85
2837.98
2849.41
2857.3
2861.7
2862.6
2859.89
2853.36
2842.71
2827.51
2807.22
2781.13
2748.35
2707.77
2658
2597.35
2523.74
2434.72
2327.42
2198.72
2045.54
1865.47
1657.8
1424.89
1173.18
1000
1000
1000
1000
1000
1000
1000
1000
1000
1000
1150.75
1368.16
1565.1
1733.98
1871.29
1976.36
2050.03
2093.57
2107.96
2093.57
2050.03
1976.36
1871.29
1733.98
1565.1
1368.16
1150.75
1000
1000
1000
1000
1000
1000
1000
1000
1000
1000
1172.92
1424.24
1656.75
1863.99
2043.61
2196.3
2324.46
2431.17
2519.54
2592.41
2652.24
2701.07
2740.6
2772.19
2796.92
2815.68
2829.12
2837.78
2842.04
2842.15
2838.26
2830.43
2818.61
2802.64
2782.27
2757.12
2726.69
2690.32
2647.18
2596.24
2536.2
2465.5
2382.27
2284.33
2169.24
2034.45
1877.62
1697.11
1492.43
 
1288.96
1478.35
1650.6
1804.95
1941.49
2061.1
2165.13
2255.18
2332.89
2399.81
2457.34
2506.69
2548.91
2584.85
2615.22
2640.6
2661.43
2678.06
2690.74
2699.6
2704.72
2706.08
2703.56
2696.96
2685.99
2670.24
2649.17
2622.12
2588.27
2546.58
2495.85
2434.62
2361.2
2273.67
2169.99
2048.1
1906.28
1743.57
1560.48
1359.6
1145.98
1000
1000
1000
1000
1000
1000
1000
1000
1000
1000
1122.16
1299.41
1462.24
1604.53
1722.53
1814.49
1879.94
1919.01
1932
1919.01
1879.94
1814.49
1722.53
1604.53
1462.24
1299.41
1122.16
1000
1000
1000
1000
1000
1000
1000
1000
1000
1000
1145.69
1358.87
1559.3
1741.92
1904.12
2045.4
2166.69
2269.72
2356.51
2429.11
2489.42
2539.12
2579.63
2612.17
2637.72
2657.09
2670.91
2679.69
2683.79
2683.46
2678.86
2670.02
2656.9
2639.34
2617.1
2589.8
2556.95
2517.94
2471.98
2418.12
2355.24
2281.97
2196.79
2097.98
1983.73
1852.29
1702.2
1532.55
1343.32
 
1169.34
1343.55
1503.57
1648.71
1778.87
1894.52
1996.54
2086.04
2164.21
2232.27
2291.34
2342.45
2386.5
2424.25
2456.35
2483.33
2505.61
2523.52
2537.29
2547.06
2552.91
2554.81
2552.66
2546.27
2535.35
2519.53
2498.3
2471.07
2437.09
2395.46
2345.14
2284.95
2213.55
2129.53
2031.46
1918.09
1788.56
1642.74
1481.6
1307.55
1124.51
1000
1000
1000
1000
1000
1000
1000
1000
1000
1000
1099.89
1245.4
1380.3
1499.66
1600.01
1679.24
1736.23
1770.52
1781.96
1770.52
1736.23
1679.24
1600.01
1499.66
1380.3
1245.4
1099.89
1000
1000
1000
1000
1000
1000
1000
1000
1000
1000
1124.19
1306.76
1480.32
1640.93
1786.2
1915.14
2027.85
2125.2
2208.43
2278.93
2338.12
2387.31
2427.67
2460.23
2485.84
2505.23
2518.97
2527.53
2531.25
2530.35
2524.99
2515.2
2500.93
2482.03
2458.26
2429.27
2394.6
2353.68
2305.81
2250.14
2185.69
2111.35
2025.88
1927.96
1816.27
1689.63
1547.13
1388.33
1213.43
 
1063.24
1223.7
1372.29
1508.37
1631.74
1742.64
1841.6
1929.38
2006.87
2075
2134.65
2186.67
2231.83
2270.78
2304.11
2332.29
2355.72
2374.68
2389.4
2400.02
2406.61
2409.14
2407.52
2401.58
2391.06
2375.61
2354.79
2328.05
2294.76
2254.15
2205.37
2147.47
2079.44
2000.26
1909.01
1804.97
1687.81
1557.84
1416.17
1264.88
1107.02
1000
1000
1000
1000
1000
1000
1000
1000
1000
1000
1082.18
1202.19
1314.12
1414
1498.77
1566.31
1615.27
1644.9
1654.81
1644.9
1615.27
1566.31
1498.77
1414
1314.12
1202.19
1082.18
1000
1000
1000
1000
1000
1000
1000
1000
1000
1000
1106.69
1264.03
1414.79
1555.9
1685.28
1801.79
1905.14
1995.62
2073.93
2141.01
2197.84
2245.42
2284.68
2316.44
2341.46
2360.33
2373.58
2381.61
2384.74
2383.16
2377.01
2366.33
2351.05
2331.03
2306.06
2275.81
2239.87
2197.71
2148.71
2092.16
2027.22
1952.99
1868.48
1772.7
1664.72
1543.73
1409.2
1260.97
1099.36
 
968.601
1116.52
1254.43
1381.73
1498.17
1603.84
1699.04
1784.3
1860.26
1927.6
1987.05
2039.28
2084.93
2124.56
2158.68
2187.7
2211.98
2231.79
2247.34
2258.74
2266.07
2269.31
2268.37
2263.1
2253.28
2238.59
2218.66
2193
2161.08
2122.27
2075.89
2021.21
1957.48
1884
1800.2
1705.72
1600.57
1485.24
1360.83
1229.09
1092.43
1000
1000
1000
1000
1000
1000
1000
1000
1000
1000
1067.88
1167.16
1260.15
1343.59
1414.88
1472.04
1513.71
1539.03
1547.51
1539.03
1513.71
1472.04
1414.88
1343.59
1260.15
1167.16
1067.88
1000
1000
1000
1000
1000
1000
1000
1000
1000
1000
1092.08
1228.19
1359.36
1483.19
1597.89
1702.36
1796.1
1879.08
1951.66
2014.38
2067.94
2113.05
2150.44
2180.76
2204.61
2222.51
2234.91
2242.15
2244.49
2242.13
2235.17
2223.64
2207.49
2186.58
2160.71
2129.59
2092.85
2050.03
2000.59
1943.92
1879.34
1806.13
1723.51
1630.75
1527.2
1412.33
1285.85
1147.77
998.493
 
883.785
1020.21
1148.12
1266.99
1376.53
1476.72
1567.74
1649.91
1723.71
1789.64
1848.27
1900.13
1945.75
1985.61
2020.13
2049.68
2074.56
2095.04
2111.27
2123.4
2131.47
2135.47
2135.34
2130.94
2122.08
2108.49
2089.84
2065.74
2035.74
1999.34
1956.01
1905.19
1846.36
1779.06
1702.96
1617.95
1524.21
1422.31
1313.25
1198.52
1080.02
1000
1000
1000
1000
1000
1000
1000
1000
1000
1000
1056.2
1138.51
1215.81
1285.45
1345.21
1393.34
1428.57
1450.04
1457.24
1450.04
1428.57
1393.34
1345.21
1285.45
1215.81
1138.51
1056.2
1000
1000
1000
1000
1000
1000
1000
1000
1000
1000
1079.64
1197.58
1311.73
1420.17
1521.41
1614.44
1698.68
1773.92
1840.28
1898.06
1947.7
1989.72
2024.65
2052.99
2075.23
2091.78
2103.02
2109.23
2110.64
2107.41
2099.63
2087.31
2070.41
2048.81
2022.31
1990.66
1953.53
1910.54
1861.22
1805.06
1741.51
1670
1589.94
1500.8
1402.11
1293.56
1175.02
1046.62
908.756
 
807.439
933.286
1051.87
1162.69
1265.46
1360.09
1446.66
1525.39
1596.58
1660.63
1717.96
1768.99
1814.16
1853.87
1888.46
1918.26
1943.53
1964.5
1981.32
1994.1
2002.9
2007.72
2008.5
2005.13
1997.44
1985.22
1968.18
1946.01
1918.35
1884.81
1844.97
1798.45
1744.88
1683.97
1615.59
1539.75
1456.73
1367.12
1271.8
1172.01
1069.28
1000
1000
1000
1000
1000
1000
1000
1000
1000
1000
1046.61
1114.92
1179.19
1237.25
1287.24
1327.62
1357.26
1375.35
1381.44
1375.35
1357.26
1327.62
1287.24
1237.25
1179.19
1114.92
1046.61
1000
1000
1000
1000
1000
1000
1000
1000
1000
1000
1068.89
1171.04
1270.22
1364.9
1453.84
1536.13
1611.17
1678.67
1738.61
1791.1
1836.41
1874.9
1906.93
1932.89
1953.16
1968.06
1977.89
1982.89
1983.24
1979.08
1970.47
1957.43
1939.89
1917.76
1890.87
1858.98
1821.83
1779.06
1730.31
1675.16
1613.15
1543.85
1466.81
1381.65
1288.06
1185.86
1075.04
955.782
828.499
 
738.456
854.551
964.413
1067.59
1163.8
1252.91
1334.92
1409.96
1478.25
1540.07
1595.74
1645.6
1689.98
1729.22
1763.61
1793.42
1818.89
1840.2
1857.51
1870.89
1880.42
1886.09
1887.86
1885.64
1879.29
1868.64
1853.46
1833.51
1808.49
1778.12
1742.09
1700.11
1651.97
1597.5
1536.67
1469.6
1396.6
1318.22
1235.25
1148.72
1059.86
1000
1000
1000
1000
1000
1000
1000
1000
1000
1000
1038.68
1095.4
1148.83
1197.19
1238.92
1272.7
1297.55
1312.74
1317.84
1312.74
1297.55
1272.7
1238.92
1197.19
1148.83
1095.4
1038.68
1000
1000
1000
1000
1000
1000
1000
1000
1000
1000
1059.47
1147.73
1233.64
1315.96
1393.65
1465.9
1532.15
1592.09
1645.56
1692.6
1733.35
1768.01
1796.85
1820.14
1838.17
1851.19
1859.43
1863.08
1862.28
1857.14
1847.71
1833.99
1815.93
1793.43
1766.34
1734.47
1697.57
1655.37
1607.55
1553.78
1493.69
1426.95
1353.23
1272.26
1183.86
1087.92
984.525
873.878
756.389
 
675.915
783.006
884.731
980.679
1070.57
1154.25
1231.69
1302.93
1368.13
1427.49
1481.24
1529.64
1572.97
1611.5
1645.47
1675.1
1700.6
1722.14
1739.82
1753.76
1763.99
1770.53
1773.34
1772.36
1767.48
1758.57
1745.44
1727.9
1705.73
1678.73
1646.67
1609.37
1566.69
1518.56
1465.04
1406.28
1342.6
1274.53
1202.72
1128.05
1051.52
1000
1000
1000
1000
1000
1000
1000
1000
1000
1000
1032.1
1079.18
1123.58
1163.82
1198.58
1226.78
1247.54
1260.24
1264.52
1260.24
1247.54
1226.78
1198.58
1163.82
1123.58
1079.18
1032.1
1000
1000
1000
1000
1000
1000
1000
1000
1000
1000
1051.12
1127.05
1201.1
1272.24
1339.62
1402.53
1460.47
1513.09
1560.21
1601.77
1637.83
1668.51
1693.97
1714.4
1730.01
1740.99
1747.5
1749.7
1747.68
1741.54
1731.3
1716.95
1698.46
1675.72
1648.61
1616.96
1580.56
1539.18
1492.57
1440.45
1382.55
1318.61
1248.39
1171.72
1088.47
998.637
902.321
799.759
691.335
 
619.05
717.818
811.952
901.078
984.929
1063.34
1136.25
1203.66
1265.67
1322.4
1374.05
1420.81
1462.89
1500.51
1533.88
1563.17
1588.57
1610.21
1628.21
1642.63
1653.55
1660.96
1664.85
1665.18
1661.85
1654.77
1643.81
1628.81
1609.63
1586.1
1558.09
1525.48
1488.2
1446.25
1399.72
1348.8
1293.8
1235.18
1173.52
1109.54
1044.05
1000
1000
1000
1000
1000
1000
1000
1000
1000
1000
1026.62
1065.67
1102.52
1135.95
1164.86
1188.33
1205.63
1216.22
1219.79
1216.22
1205.63
1188.33
1164.86
1135.95
1102.52
1065.67
1026.62
1000
1000
1000
1000
1000
1000
1000
1000
1000
1000
1043.66
1108.54
1171.89
1232.89
1290.81
1345.05
1395.14
1440.76
1481.7
1517.86
1549.23
1575.86
1597.85
1615.31
1628.39
1637.21
1641.91
1642.59
1639.32
1632.17
1621.14
1606.22
1587.38
1564.51
1537.52
1506.26
1470.54
1430.19
1385
1334.74
1279.21
1218.21
1151.58
1079.19
1001.01
917.06
827.467
732.474
632.442
 
567.215
658.284
745.341
828.047
906.149
979.482
1047.96
1111.56
1170.34
1224.37
1273.8
1318.78
1359.46
1396.03
1428.65
1457.48
1482.67
1504.32
1522.55
1537.42
1548.98
1557.26
1562.24
1563.9
1562.18
1557
1548.27
1535.89
1519.74
1499.73
1475.76
1447.78
1415.78
1379.78
1339.91
1296.36
1249.42
1199.51
1147.11
1092.83
1037.32
1000
1000
1000
1000
1000
1000
1000
1000
1000
1000
1022.04
1054.38
1084.91
1112.62
1136.6
1156.09
1170.46
1179.26
1182.23
1179.26
1170.46
1156.09
1136.6
1112.62
1084.91
1054.38
1022.04
1000
1000
1000
1000
1000
1000
1000
1000
1000
1000
1036.93
1091.83
1145.5
1197.24
1246.46
1292.64
1335.36
1374.33
1409.32
1440.22
1466.96
1489.55
1508.04
1522.48
1532.97
1539.6
1542.44
1541.57
1537.04
1528.87
1517.09
1501.66
1482.54
1459.65
1432.89
1402.14
1367.26
1328.09
1284.45
1236.19
1183.13
1125.15
1062.12
993.974
920.711
842.387
759.148
671.229
578.965
 
519.862
603.806
684.269
760.945
833.598
902.065
966.247
1026.11
1081.66
1132.97
1180.11
1223.22
1262.4
1297.81
1329.59
1357.85
1382.72
1404.31
1422.7
1437.97
1450.15
1459.27
1465.34
1468.35
1468.24
1464.99
1458.51
1448.76
1435.65
1419.13
1399.15
1375.69
1348.78
1318.48
1284.92
1248.28
1208.85
1166.97
1123.07
1077.63
1031.21
1000
1000
1000
1000
1000
1000
1000
1000
1000
1000
1018.2
1044.91
1070.13
1093.03
1112.87
1128.99
1140.89
1148.18
1150.63
1148.18
1140.89
1128.99
1112.87
1093.03
1070.13
1044.91
1018.2
1000
1000
1000
1000
1000
1000
1000
1000
1000
1000
1030.82
1076.66
1121.48
1164.75
1205.94
1244.63
1280.44
1313.11
1342.42
1368.24
1390.47
1409.1
1424.11
1435.55
1443.45
1447.86
1448.84
1446.41
1440.62
1431.48
1418.98
1403.08
1383.75
1360.92
1334.49
1304.37
1270.42
1232.53
1190.56
1144.37
1093.85
1038.89
979.424
915.418
846.893
773.927
696.672
615.353
530.279
 
476.527
553.874
628.196
699.218
766.721
830.548
890.597
946.816
999.2
1047.78
1092.62
1133.8
1171.43
1205.6
1236.45
1264.06
1288.55
1310.01
1328.51
1344.11
1356.87
1366.81
1373.95
1378.28
1379.79
1378.45
1374.22
1367.06
1356.95
1343.85
1327.75
1308.67
1286.65
1261.77
1234.16
1204.01
1171.57
1137.13
1101.04
1063.73
1025.61
1000
1000
1000
1000
1000
1000
1000
1000
1000
1000
1014.97
1036.94
1057.69
1076.54
1092.86
1106.14
1115.94
1121.95
1123.98
1121.95
1115.94
1106.14
1092.86
1076.54
1057.69
1036.94
1014.97
1000
1000
1000
1000
1000
1000
1000
1000
1000
1000
1025.24
1062.78
1099.51
1134.97
1168.74
1200.45
1229.8
1256.53
1280.44
1301.38
1319.27
1334.04
1345.66
1354.14
1359.48
1361.71
1360.84
1356.89
1349.87
1339.78
1326.59
1310.29
1290.82
1268.11
1242.09
1212.67
1179.74
1143.2
1102.95
1058.88
1010.9
958.939
902.961
842.958
778.966
711.079
639.445
564.278
485.859
 
436.807
508.046
576.654
642.382
705.031
764.452
820.542
873.243
922.534
968.428
1010.97
1050.21
1086.24
1119.14
1148.99
1175.9
1199.95
1221.21
1239.77
1255.67
1268.96
1279.68
1287.85
1293.48
1296.56
1297.09
1295.06
1290.45
1283.25
1273.47
1261.12
1246.23
1228.87
1209.12
1187.13
1163.06
1137.13
1109.6
1080.75
1050.92
1020.47
1000
1000
1000
1000
1000
1000
1000
1000
1000
1000
1012.24
1030.2
1047.16
1062.58
1075.93
1086.8
1094.82
1099.73
1101.39
1099.73
1094.82
1086.8
1075.93
1062.58
1047.16
1030.2
1012.24
1000
1000
1000
1000
1000
1000
1000
1000
1000
1000
1020.11
1050.02
1079.28
1107.52
1134.41
1159.63
1182.93
1204.06
1222.85
1239.16
1252.88
1263.94
1272.28
1277.89
1280.74
1280.84
1278.17
1272.73
1264.53
1253.53
1239.72
1223.06
1203.5
1180.98
1155.42
1126.76
1094.9
1059.77
1021.26
979.311
933.851
884.836
832.243
776.084
716.412
653.32
586.955
517.515
445.254
 
400.358
465.94
529.232
590.01
648.095
703.346
755.663
804.984
851.28
894.551
934.821
972.136
1006.55
1038.14
1066.98
1093.14
1116.7
1137.72
1156.28
1172.42
1186.2
1197.65
1206.81
1213.68
1218.28
1220.62
1220.72
1218.57
1214.18
1207.59
1198.82
1187.93
1174.98
1160.09
1143.39
1125.01
1105.17
1084.06
1061.94
1039.06
1015.7
1000
1000
1000
1000
1000
1000
1000
1000
1000
1000
1009.91
1024.46
1038.2
1050.68
1061.51
1070.31
1076.81
1080.8
1082.14
1080.8
1076.81
1070.31
1061.51
1050.68
1038.2
1024.46
1009.91
1000
1000
1000
1000
1000
1000
1000
1000
1000
1000
1015.36
1038.21
1060.55
1082.1
1102.58
1121.75
1139.37
1155.24
1169.21
1181.13
1190.89
1198.4
1203.6
1206.45
1206.9
1204.94
1200.54
1193.69
1184.35
1172.51
1158.13
1141.16
1121.56
1099.27
1074.24
1046.38
1015.62
981.902
945.149
905.303
862.316
816.159
766.827
714.344
658.766
600.191
538.756
474.643
408.082
 
366.877
427.221
485.571
541.727
595.528
646.843
695.578
741.668
785.081
825.807
863.86
899.271
932.085
962.359
990.153
1015.53
1038.56
1059.31
1077.82
1094.16
1108.38
1120.5
1130.58
1138.63
1144.69
1148.76
1150.89
1151.09
1149.39
1145.83
1140.46
1133.35
1124.58
1114.26
1102.51
1089.48
1075.33
1060.23
1044.39
1027.99
1011.25
1000
1000
1000
1000
1000
1000
1000
1000
1000
1000
1007.91
1019.52
1030.5
1040.47
1049.11
1056.14
1061.33
1064.52
1065.59
1064.52
1061.33
1056.14
1049.11
1040.47
1030.5
1019.52
1007.91
1000
1000
1000
1000
1000
1000
1000
1000
1000
1000
1010.94
1027.2
1043.1
1058.4
1072.91
1086.41
1098.72
1109.66
1119.09
1126.87
1132.88
1137.03
1139.25
1139.47
1137.64
1133.72
1127.68
1119.48
1109.08
1096.45
1081.55
1064.33
1044.75
1022.74
998.255
971.226
941.593
909.296
874.279
836.497
795.916
752.52
706.313
657.326
605.62
551.287
494.457
435.296
374.009
 
336.099
391.593
445.351
497.197
546.984
594.593
639.936
682.951
723.602
761.874
797.773
831.321
862.554
891.515
918.258
942.837
965.309
985.733
1004.16
1020.65
1035.24
1047.99
1058.92
1068.08
1075.5
1081.22
1085.27
1087.68
1088.52
1087.82
1085.66
1082.11
1077.27
1071.24
1064.15
1056.12
1047.3
1037.84
1027.89
1017.59
1007.07
1000
1000
1000
1000
1000
1000
1000
1000
1000
1000
1006.17
1015.24
1023.8
1031.59
1038.33
1043.82
1047.88
1050.36
1051.2
1050.36
1047.88
1043.82
1038.33
1031.59
1023.8
1015.24
1006.17
1000
1000
1000
1000
1000
1000
1000
1000
1000
1000
1006.79
1016.87
1026.72
1036.17
1045.08
1053.27
1060.61
1066.94
1072.11
1075.99
1078.48
1079.47
1078.87
1076.62
1072.63
1066.88
1059.29
1049.82
1038.44
1025.1
1009.74
992.325
972.801
951.114
927.21
901.031
872.524
841.638
808.328
772.558
734.304
693.558
650.332
604.661
556.603
506.248
453.714
399.153
342.745
 
307.791
358.795
408.29
456.119
502.15
546.277
588.419
628.516
666.531
702.448
736.267
768.004
797.685
825.349
851.04
874.805
896.698
916.769
935.073
951.658
966.574
979.868
991.584
1001.77
1010.46
1017.7
1023.55
1028.05
1031.25
1033.24
1034.08
1033.86
1032.69
1030.67
1027.93
1024.59
1020.79
1016.64
1012.25
1007.72
1003.1
1000
1000
1000
1000
1000
1000
1000
1000
1000
1000
1004.64
1011.46
1017.9
1023.75
1028.82
1032.95
1036
1037.87
1038.5
1037.87
1036
1032.95
1028.82
1023.75
1017.9
1011.46
1004.64
1000
1000
1000
1000
1000
1000
1000
1000
1000
1000
1002.85
1007.1
1011.22
1015.16
1018.79
1022.02
1024.69
1026.69
1027.88
1028.14
1027.33
1025.37
1022.14
1017.57
1011.58
1004.11
995.083
984.458
972.176
958.187
942.44
924.883
905.464
884.131
860.831
835.513
808.128
778.633
746.989
713.168
677.153
638.941
598.549
556.01
511.384
464.752
416.222
365.93
314.037
 
281.744
328.593
374.131
418.22
460.743
501.605
540.731
578.066
613.575
647.241
679.06
709.043
737.214
763.602
788.248
811.193
832.487
852.176
870.313
886.946
902.125
915.9
928.319
939.432
949.289
957.942
965.45
971.873
977.282
981.754
985.378
988.254
990.49
992.207
993.531
994.588
995.498
996.366
997.268
998.24
999.283
1000
1000
1000
1000
1000
1000
1000
1000
1000
1000
1003.26
1008.05
1012.58
1016.69
1020.26
1023.16
1025.31
1026.62
1027.07
1026.62
1025.31
1023.16
1020.26
1016.69
1012.58
1008.05
1003.26
1000
1000
1000
1000
1000
1000
1000
1000
1000
1000
999.087
997.734
996.413
995.108
993.768
992.311
990.628
988.595
986.083
982.96
979.103
974.397
968.737
962.027
954.182
945.126
934.788
923.105
910.015
895.462
879.391
861.746
842.476
821.528
798.852
774.399
748.126
719.993
689.968
658.026
624.157
588.36
550.652
511.068
469.662
426.51
381.707
335.376
287.658
 
257.772
300.777
342.645
383.256
422.505
460.309
496.6
531.328
564.461
595.981
625.883
654.177
680.88
706.021
729.633
751.757
772.436
791.716
809.647
826.278
841.659
855.841
868.878
880.822
891.731
901.665
910.689
918.874
926.3
933.055
939.238
944.96
950.342
955.514
960.612
965.772
971.116
976.744
982.711
989.008
995.559
1000
1000
1000
1000
1000
1000
1000
1000
1000
1000
1001.99
1004.92
1007.68
1010.19
1012.37
1014.14
1015.45
1016.25
1016.52
1016.25
1015.45
1014.14
1012.37
1010.19
1007.68
1004.92
1001.99
1000
1000
1000
1000
1000
1000
1000
1000
1000
1000
995.422
988.644
982.068
975.753
969.696
963.839
958.082
952.302
946.363
940.127
933.461
926.24
918.349
909.682
900.146
889.654
878.129
865.499
851.698
836.663
820.336
802.66
783.581
763.048
741.011
717.424
692.247
665.443
636.984
606.849
575.029
541.525
506.356
469.552
431.164
391.259
349.925
307.266
263.409
 
235.707
275.157
313.624
351.001
387.199
422.143
455.773
488.046
518.93
548.41
576.481
603.15
628.435
652.359
674.954
696.256
716.308
735.154
752.841
769.419
784.938
799.452
813.017
825.69
837.533
848.612
858.999
868.774
878.024
886.848
895.356
903.669
911.923
920.261
928.838
937.807
947.311
957.463
968.316
979.83
991.845
1000
1000
1000
1000
1000
1000
1000
1000
1000
1000
1000.79
1001.94
1003.03
1004.02
1004.88
1005.58
1006.1
1006.42
1006.53
1006.42
1006.1
1005.58
1004.88
1004.02
1003.03
1001.94
1000.79
1000
1000
1000
1000
1000
1000
1000
1000
1000
1000
991.786
979.649
967.939
956.796
946.255
936.266
926.722
917.484
908.402
899.323
890.1
880.596
870.685
860.253
849.195
837.42
824.84
811.38
796.968
781.536
765.024
747.373
728.528
708.437
687.052
664.33
640.23
614.719
587.77
559.367
529.499
498.17
465.395
431.203
395.64
358.764
320.652
281.398
241.11
 
215.398
251.561
286.875
321.25
354.607
386.88
418.017
447.979
476.739
504.284
530.609
555.722
579.637
602.378
623.973
644.457
663.872
682.258
699.663
716.137
731.731
746.499
760.5
773.794
786.447
798.531
810.122
821.308
832.184
842.855
853.444
864.083
874.921
886.123
897.866
910.335
923.711
938.151
953.743
970.449
988.024
1000
1000
1000
1000
1000
1000
1000
1000
1000
1000
1000
1000
1000
1000
1000
1000
1000
1000
1000
1000
1000
1000
1000
1000
1000
1000
1000
1000
1000
1000
1000
1000
1000
1000
1000
1000
1000
988.074
970.516
953.711
937.884
923.084
909.238
896.205
883.813
871.884
860.243
848.724
837.178
825.467
813.466
801.065
788.162
774.667
760.496
745.576
729.835
713.21
695.64
677.071
657.45
636.729
614.866
591.822
567.566
542.073
515.325
487.314
458.043
427.524
395.783
362.859
328.806
293.688
257.588
220.599
 
196.705
229.83
262.226
293.815
324.527
354.308
383.11
410.902
437.66
463.372
488.036
511.659
534.255
555.846
576.46
596.132
614.898
632.802
649.888
666.207
681.81
696.754
711.096
724.902
738.239
751.183
763.816
776.229
788.523
800.814
813.231
825.918
839.04
852.782
867.351
882.974
899.893
918.347
938.526
960.474
983.909
1000
1000
1000
1000
1000
1000
1000
1000
1000
1000
1000
1000
1000
1000
1000
1000
1000
1000
1000
1000
1000
1000
1000
1000
1000
1000
1000
1000
1000
1000
1000
1000
1000
1000
1000
1000
1000
984.125
960.902
938.958
918.582
899.773
882.378
866.185
850.967
836.506
822.598
809.058
795.719
782.433
769.067
755.503
741.633
727.363
712.605
697.282
681.32
664.655
647.224
628.972
609.846
589.8
568.792
546.783
523.744
499.65
474.484
448.236
420.909
392.513
363.07
332.612
301.186
268.849
235.67
201.73
 
179.502
209.821
239.516
268.52
296.774
324.23
350.85
376.605
401.476
425.455
448.539
470.738
492.065
512.541
532.195
551.057
569.167
586.565
603.296
619.409
634.957
649.995
664.585
678.791
692.684
706.341
719.849
733.302
746.806
760.482
774.466
788.912
804
819.934
836.951
855.327
875.379
897.472
921.992
949.248
979.136
1000
1000
1000
1000
1000
1000
1000
1000
1000
1000
1000
1000
1000
1000
1000
1000
1000
1000
1000
1000
1000
1000
1000
1000
1000
1000
1000
1000
1000
1000
1000
1000
1000
1000
1000
1000
1000
979.647
950.247
923.074
898.342
875.853
855.286
836.315
818.636
801.982
786.119
770.841
755.967
741.338
726.814
712.271
697.598
682.696
667.476
651.856
635.763
619.13
601.895
584.001
565.397
546.037
525.877
504.883
483.022
460.272
436.615
412.042
386.551
360.15
332.859
304.703
275.723
245.965
215.491
184.369
 
163.672
191.4
218.595
245.203
271.172
296.463
321.043
344.888
367.984
390.324
411.909
432.747
452.853
472.249
490.961
509.021
526.465
543.335
559.674
575.531
590.959
606.013
620.754
635.249
649.569
663.793
678.008
692.312
706.814
721.637
736.922
752.83
769.551
787.304
806.35
827.008
849.669
874.835
903.168
935.541
972.81
1000
1000
1000
1000
1000
1000
1000
1000
1000
1000
1000
1000
1000
1000
1000
1000
1000
1000
1000
1000
1000
1000
1000
1000
1000
1000
1000
1000
1000
1000
1000
1000
1000
1000
1000
1000
1000
973.981
937.534
905.171
876.49
850.817
827.566
806.264
786.53
768.049
750.56
733.838
717.692
701.956
686.484
671.149
655.837
640.447
624.888
609.078
592.943
576.415
559.432
541.938
523.882
505.216
485.901
465.899
445.181
423.722
401.505
378.519
354.761
330.236
304.959
278.951
252.246
224.883
196.912
168.393
 
149.109
174.443
199.327
223.714
247.561
270.835
293.51
315.566
336.991
357.783
377.944
397.483
416.416
434.764
452.554
469.816
486.587
502.906
518.818
534.369
549.612
564.603
579.402
594.075
608.694
623.339
638.096
653.063
668.35
684.082
700.399
717.468
735.478
754.658
775.281
797.686
822.308
849.735
880.833
917.077
961.752
1000
1000
1000
1000
1000
1000
1000
1000
1000
1000
1000
1000
1000
1000
1000
1000
1000
1000
1000
1000
1000
1000
1000
1000
1000
1000
1000
1000
1000
1000
1000
1000
1000
1000
1000
1000
1000
965.074
920.821
884.051
852.292
824.176
798.856
775.744
754.4
734.481
715.706
697.841
680.69
664.083
647.874
631.932
616.144
600.408
584.634
568.74
552.651
536.301
519.626
502.573
485.089
467.129
448.652
429.623
410.012
389.793
368.95
347.469
325.346
302.584
279.192
255.189
230.599
205.458
179.806
153.692
 
135.712
158.837
181.584
203.913
225.79
247.186
268.081
288.461
308.316
327.646
346.455
364.754
382.558
399.89
416.776
433.246
449.335
465.082
480.531
495.728
510.724
525.574
540.338
555.081
569.874
584.795
599.93
615.376
631.24
647.645
664.73
682.656
701.613
721.822
743.554
767.14
793.005
821.714
854.067
891.301
935.334
984.707
1000
1000
1000
1000
1000
1000
1000
1000
1000
1000
1000
1000
1000
1000
1000
1000
1000
1000
1000
1000
1000
1000
1000
1000
1000
1000
1000
1000
1000
1000
1000
1000
1000
1000
1000
1000
944.201
897.231
858.561
825.162
795.567
768.893
744.538
722.054
701.094
681.377
662.672
644.781
627.538
610.797
594.432
578.329
562.389
546.521
530.646
514.691
498.587
482.277
465.703
448.816
431.572
413.93
395.855
377.317
358.291
338.759
318.706
298.127
277.02
255.394
233.259
210.638
187.558
164.052
140.16
 
123.389
144.475
165.246
185.669
205.716
225.365
244.599
263.407
281.786
299.734
317.26
334.374
351.093
367.439
383.438
399.12
414.519
429.674
444.626
459.421
474.109
488.744
503.383
518.09
532.935
547.993
563.348
579.093
595.331
612.181
629.776
648.268
667.837
688.69
711.076
735.294
761.711
790.782
823.063
859.154
899.3
942.182
985.499
1000
1000
1000
1000
1000
1000
1000
1000
1000
1000
1000
1000
1000
1000
1000
1000
1000
1000
1000
1000
1000
1000
1000
1000
1000
1000
1000
1000
1000
1000
1000
1000
1000
1000
954.756
908.941
866.287
828.487
794.949
764.86
737.555
712.523
689.364
667.756
647.436
628.184
609.813
592.162
575.092
558.481
542.219
526.211
510.368
494.613
478.874
463.088
447.194
431.139
414.874
398.356
381.545
364.406
346.91
329.031
310.751
292.054
272.932
253.382
233.408
213.018
192.228
171.06
149.541
127.703
 
112.054
131.259
150.203
168.86
187.208
205.23
222.913
240.249
257.238
273.882
290.188
306.169
321.844
337.232
352.361
367.259
381.961
396.502
410.925
425.273
439.594
453.94
468.368
482.939
497.718
512.779
528.201
544.073
560.493
577.571
595.431
614.214
634.081
655.219
677.843
702.204
728.593
757.335
788.763
823.129
860.388
900.017
941.447
984.903
1000
1000
1000
1000
1000
1000
1000
1000
1000
1000
1000
1000
1000
1000
1000
1000
1000
1000
1000
1000
1000
1000
1000
1000
1000
1000
1000
1000
1000
1000
1000
1000
954.801
911.489
869.792
830.605
794.662
761.966
732.171
704.866
679.675
656.273
634.387
613.784
594.265
575.66
557.82
540.614
523.927
507.657
491.711
476.006
460.468
445.028
429.624
414.198
398.7
383.081
367.299
351.316
335.097
318.614
301.84
284.756
267.347
249.602
231.516
213.089
194.328
175.243
155.85
136.171
116.231
 
101.628
119.095
136.35
153.371
170.142
186.648
202.882
218.839
234.52
249.929
265.076
279.974
294.642
309.099
323.373
337.491
351.487
365.397
379.258
393.115
407.013
421.003
435.137
449.474
464.076
479.013
494.36
510.197
526.617
543.72
561.618
580.437
600.317
621.419
643.921
668.02
693.932
721.875
752.046
784.559
819.391
856.405
895.594
937.469
983.392
1000
1000
1000
1000
1000
1000
1000
1000
1000
1000
1000
1000
1000
1000
1000
1000
1000
1000
1000
1000
1000
1000
1000
1000
1000
1000
1000
1000
1000
1000
951.691
907.935
867.028
828.347
791.958
758.075
726.73
697.771
670.962
646.046
622.782
600.951
580.358
560.832
542.223
524.398
507.238
490.637
474.499
458.741
443.282
428.053
412.989
398.03
383.122
368.216
353.266
338.231
323.073
307.759
292.261
276.553
260.614
244.43
227.987
211.279
194.304
177.063
159.565
141.821
123.847
105.663
 
92.0342
107.898
123.59
139.095
154.4
169.494
184.374
199.037
213.486
227.727
241.771
255.631
269.327
282.878
296.311
309.654
322.936
336.195
349.466
362.791
376.213
389.78
403.542
417.554
431.876
446.57
461.706
477.359
493.612
510.554
528.283
546.91
566.552
587.342
609.419
632.932
658.034
684.865
713.536
744.109
776.584
810.953
847.342
886.255
929.016
979.49
1000
1000
1000
1000
1000
1000
1000
1000
1000
1000
1000
1000
1000
1000
1000
1000
1000
1000
1000
1000
1000
1000
1000
1000
1000
1000
1000
1000
944.241
899.103
858.518
820.679
784.951
751.203
719.466
689.75
661.985
636.038
611.747
588.939
567.451
547.128
527.829
509.426
491.804
474.857
458.491
442.619
427.164
412.053
397.22
382.604
368.151
353.808
339.528
325.268
310.989
296.654
282.232
267.694
253.015
238.174
223.156
207.946
192.537
176.923
161.105
145.086
128.874
112.481
95.9226
 
83.2039
97.5858
111.832
125.931
139.873
153.651
167.264
180.712
193.999
207.133
220.126
232.991
245.748
258.417
271.022
283.591
296.154
308.743
321.396
334.15
347.046
360.13
373.448
387.051
400.995
415.336
430.138
445.47
461.402
478.015
495.393
513.626
532.814
553.058
574.466
597.143
621.189
646.688
673.698
702.235
732.286
763.827
796.888
831.603
868.196
906.263
936.226
946.807
951.378
953.971
955.655
956.829
957.683
958.317
958.792
959.145
959.402
959.577
959.682
959.722
959.699
959.613
959.458
959.226
958.902
958.466
957.883
957.102
956.038
954.538
952.295
948.557
940.827
918.098
880.143
842.502
806.694
772.558
739.959
708.884
679.377
651.465
625.131
600.312
576.912
554.82
533.917
514.088
495.22
477.21
459.96
443.379
427.385
411.902
396.857
382.187
367.831
353.733
339.84
326.105
312.484
298.936
285.422
271.909
258.366
244.764
231.081
217.294
203.388
189.347
175.163
160.829
146.342
131.703
116.917
101.992
86.9377
 
75.0712
88.0835
100.991
113.784
126.458
139.008
151.435
163.74
175.93
188.014
200.004
211.913
223.761
235.568
247.358
259.157
270.993
282.898
294.906
307.052
319.377
331.921
344.727
357.844
371.32
385.208
399.565
414.449
429.926
446.061
462.925
480.594
499.144
518.652
539.195
560.843
583.656
607.674
632.909
659.34
686.91
715.526
745.049
775.231
805.455
833.957
856.749
871.291
880.098
885.753
889.619
892.385
894.425
895.953
897.104
897.963
898.588
899.017
899.273
899.371
899.316
899.105
898.727
898.16
897.372
896.312
894.904
893.033
890.512
887.032
882.031
874.418
862.039
841.844
814.434
784.148
753.446
723.223
693.832
665.463
638.241
612.241
587.496
563.992
541.685
520.512
500.393
481.246
462.986
445.532
428.804
412.727
397.229
382.244
367.709
353.567
339.762
326.243
312.963
299.877
286.944
274.126
261.387
248.694
236.018
223.332
210.613
197.84
184.996
172.066
159.04
145.91
132.67
119.321
105.863
92.3008
78.6421
 
67.5746
79.3194
90.9851
102.566
114.058
125.46
136.774
148.004
159.157
170.243
181.273
192.263
203.231
214.196
225.182
236.212
247.316
258.521
269.86
281.367
293.077
305.029
317.263
329.821
342.749
356.093
369.903
384.23
399.13
414.657
430.87
447.828
465.587
484.205
503.732
524.209
545.663
568.101
591.499
615.801
640.905
666.65
692.786
718.888
744.197
767.398
786.773
801.386
811.83
819.271
824.673
828.677
831.691
833.982
835.723
837.031
837.986
838.643
839.037
839.187
839.103
838.778
838.198
837.33
836.129
834.522
832.404
829.623
825.945
821.014
814.272
804.86
791.624
773.628
751.275
726.197
699.912
673.361
647.074
621.364
596.429
572.396
549.334
527.273
506.207
486.108
466.931
448.621
431.118
414.361
398.286
382.832
367.94
353.553
339.617
326.08
312.894
300.012
287.392
274.993
262.776
250.706
238.749
226.875
215.056
203.266
191.483
179.687
167.86
155.987
144.057
132.061
119.993
107.85
95.6305
83.337
70.9737
 
60.6563
71.2269
81.7399
92.1919
102.581
112.909
123.179
133.395
143.565
153.7
163.812
173.916
184.029
194.17
204.362
214.627
224.992
235.484
246.132
256.968
268.026
279.339
290.944
302.881
315.187
327.906
341.079
354.752
368.97
383.777
399.221
415.345
432.192
449.798
468.194
487.396
507.408
528.209
549.751
571.95
594.672
617.721
640.806
663.494
685.15
704.929
721.972
735.81
746.592
754.843
761.145
765.981
769.709
772.587
774.799
776.475
777.706
778.555
779.065
779.26
779.15
778.729
777.978
776.859
775.317
773.268
770.595
767.134
762.652
756.822
749.2
739.222
726.308
710.136
690.967
669.58
646.867
623.547
600.129
576.955
554.257
532.194
510.864
490.326
470.604
451.696
433.584
416.236
399.614
383.671
368.361
353.636
339.446
325.745
312.487
299.626
287.12
274.928
263.01
251.331
239.855
228.548
217.382
206.326
195.354
184.443
173.57
162.716
151.864
140.999
130.109
119.185
108.219
97.206
86.1443
75.0331
63.8744
 
54.262
63.7429
73.184
82.5839
91.9429
101.263
110.549
119.806
129.044
138.272
147.502
156.75
166.032
175.366
184.773
194.276
203.897
213.663
223.601
233.74
244.11
254.742
265.669
276.926
288.547
300.568
313.027
325.96
339.405
353.398
367.973
383.165
399
415.5
432.679
450.536
469.055
488.198
507.898
528.056
548.524
569.1
589.502
609.356
628.181
645.434
660.621
673.464
683.984
692.427
699.133
704.435
708.615
711.896
714.447
716.397
717.838
718.836
719.438
719.668
719.538
719.041
718.156
716.844
715.045
712.674
709.614
705.709
700.753
694.48
686.568
676.666
664.479
649.893
633.088
614.503
594.687
574.157
553.331
532.527
511.979
491.853
472.268
453.297
434.986
417.354
400.401
384.115
368.472
353.442
338.993
325.086
311.682
298.745
286.233
274.11
262.339
250.882
239.706
228.777
218.064
207.537
197.167
186.927
176.794
166.745
156.758
146.816
136.901
127
117.099
107.189
97.2614
87.3108
77.3331
67.3262
57.2899
 
48.3408
56.8082
65.2504
73.6674
82.0608
90.4341
98.7921
107.142
115.491
123.851
132.234
140.654
149.126
157.669
166.3
175.042
183.915
192.945
202.155
211.571
221.222
231.135
241.34
251.866
262.745
274.006
285.682
297.802
310.398
323.496
337.122
351.3
366.046
381.369
397.27
413.735
430.736
448.223
466.12
484.321
502.679
521.003
539.045
556.501
573.017
588.227
601.819
613.61
623.577
631.84
638.598
644.073
648.475
651.982
654.741
656.868
658.45
659.551
660.216
660.471
660.326
659.776
658.799
657.356
655.388
652.815
649.53
645.395
640.239
633.861
626.036
616.549
605.245
592.091
577.217
560.902
543.505
525.395
506.9
488.292
469.786
451.545
433.69
416.305
399.446
383.147
367.423
352.275
337.691
323.656
310.146
297.133
284.588
272.48
260.777
249.446
238.457
227.777
217.376
207.225
197.295
187.559
177.991
168.568
159.265
150.063
140.941
131.883
122.871
113.892
104.934
95.9865
87.0408
78.0905
69.1303
60.1572
51.1692
 
42.8443
50.367
57.8759
65.3722
72.8587
80.3394
87.8198
95.307
102.81
110.338
117.904
125.52
133.202
140.967
148.831
156.813
164.936
173.219
181.685
190.358
199.263
208.424
217.867
227.618
237.705
248.152
258.986
270.231
281.912
294.049
306.66
319.76
333.356
347.449
362.03
377.077
392.553
408.403
424.547
440.881
457.267
473.536
489.478
504.852
519.396
532.854
545.013
555.742
565.007
572.865
579.433
584.859
589.292
592.872
595.719
597.931
599.586
600.744
601.445
601.714
601.561
600.98
599.952
598.438
596.386
593.723
590.356
586.171
581.032
574.789
567.291
558.404
548.047
536.219
523.019
508.64
493.328
477.351
460.964
444.39
427.818
411.395
395.241
379.44
364.055
349.128
334.683
320.73
307.27
294.293
281.787
269.732
258.106
246.885
236.042
225.551
215.386
205.519
195.923
186.574
177.444
168.511
159.751
151.142
142.662
134.294
126.017
117.817
109.677
101.585
93.5281
85.4964
77.4812
69.4754
61.4732
53.4705
45.4644
 
37.7273
44.3665
51.0007
57.6322
64.2641
70.9011
77.5489
84.2146
90.9068
97.6352
104.411
111.247
118.157
125.155
132.259
139.485
146.853
154.381
162.09
170.001
178.135
186.515
195.163
204.101
213.352
222.939
232.881
243.199
253.911
265.033
276.575
288.547
300.948
313.773
327.007
340.623
354.579
368.818
383.264
397.819
412.358
426.736
440.78
454.3
467.099
478.991
489.824
499.499
507.981
515.294
521.507
526.718
531.034
534.559
537.388
539.602
541.269
542.44
543.15
543.423
543.268
542.678
541.637
540.11
538.051
535.396
532.07
527.978
523.018
517.081
510.064
501.883
492.498
481.921
470.231
457.566
444.104
430.044
415.583
400.902
386.16
371.49
356.998
342.769
328.866
315.333
302.202
289.488
277.199
265.333
253.884
242.84
232.183
221.896
211.959
202.348
193.043
184.02
175.256
166.728
158.415
150.294
142.346
134.55
126.887
119.339
111.891
104.526
97.2306
89.9922
82.7993
75.6418
68.5113
61.4003
54.3028
47.2141
40.1303
 
32.9466
38.7568
44.5685
50.3844
56.2084
62.045
67.9002
73.7808
79.695
85.6521
91.6625
97.7378
103.891
110.135
116.485
122.957
129.568
136.334
143.274
150.405
157.749
165.322
173.145
181.238
189.617
198.303
207.312
216.659
226.358
236.42
246.852
257.655
268.828
280.359
292.23
304.41
316.859
329.52
342.322
355.176
367.975
380.595
392.895
404.725
415.936
426.389
435.971
444.606
452.258
458.937
464.683
469.559
473.641
477.007
479.731
481.876
483.5
484.644
485.34
485.608
485.455
484.877
483.857
482.367
480.368
477.807
474.62
470.736
466.077
460.564
454.128
446.717
438.312
428.932
418.639
407.536
395.758
383.452
370.773
357.866
344.864
331.88
319.012
306.335
293.911
281.786
269.991
258.547
247.466
236.752
226.403
216.411
206.766
197.454
188.459
179.764
171.349
163.197
155.286
147.598
140.114
132.815
125.682
118.697
111.844
105.107
98.471
91.9216
85.446
79.0325
72.6704
66.3502
60.0636
53.8034
47.5633
41.3385
35.1246
 
28.4614
33.4904
38.5254
43.5694
48.6263
53.7008
58.7985
63.9261
69.091
74.302
79.5685
84.901
90.311
95.8108
101.414
107.133
112.985
118.983
125.143
131.482
138.017
144.762
151.736
158.954
166.432
174.184
182.224
190.564
199.214
208.181
217.468
227.075
236.994
247.213
257.712
268.46
279.417
290.532
301.741
312.964
324.11
335.077
345.751
356.013
365.749
374.852
383.237
390.844
397.641
403.627
408.826
413.28
417.041
420.166
422.712
424.729
426.262
427.345
428.006
428.261
428.115
427.565
426.598
425.19
423.307
420.907
417.941
414.353
410.084
405.08
399.292
392.69
385.267
377.042
368.066
358.418
348.2
337.526
326.516
315.287
303.947
292.593
281.308
270.161
259.209
248.495
238.051
227.899
218.054
208.523
199.307
190.403
181.804
173.5
165.479
157.728
150.23
142.97
135.932
129.1
122.456
115.984
109.669
103.495
97.4465
91.5102
85.6724
79.9205
74.2428
68.6287
63.0683
57.5528
52.0744
46.6262
41.2021
35.7971
30.4069
 
24.233
28.5223
32.8204
37.1303
41.4557
45.8013
50.1723
54.5747
59.0154
63.5022
68.0435
72.6488
77.3282
82.0925
86.9531
91.9224
97.0128
102.238
107.611
113.145
118.856
124.756
130.859
137.179
143.729
150.52
157.563
164.867
172.439
180.283
188.4
196.786
205.434
214.33
223.453
232.776
242.26
251.859
261.518
271.168
280.734
290.131
299.268
308.053
316.395
324.213
331.441
338.031
343.957
349.212
353.81
357.777
361.15
363.971
366.282
368.121
369.524
370.518
371.126
371.36
371.226
370.72
369.831
368.54
366.821
364.639
361.956
358.73
354.919
350.482
345.389
339.62
333.176
326.075
318.358
310.088
301.341
292.206
282.777
273.148
263.405
253.629
243.892
234.253
224.762
215.459
206.373
197.529
188.94
180.615
172.559
164.771
157.245
149.977
142.956
136.172
129.612
123.264
117.115
111.15
105.356
99.7177
94.2228
88.8575
83.6089
78.4647
73.4131
68.4431
63.5444
58.7074
53.9234
49.1844
44.4831
39.8132
35.1691
30.5458
25.9392
 
20.2241
23.8093
27.4046
31.0128
34.6374
38.2825
41.9529
45.6541
49.392
53.1735
57.0059
60.8974
64.8567
68.893
73.0162
77.2367
81.5652
86.0128
90.591
95.3112
100.185
105.224
110.44
115.843
121.444
127.251
133.274
139.518
145.989
152.688
159.615
166.765
174.13
181.696
189.444
197.348
205.376
213.487
221.634
229.76
237.804
245.696
253.364
260.738
267.746
274.326
280.428
286.012
291.057
295.555
299.512
302.946
305.882
308.35
310.379
312.002
313.243
314.125
314.664
314.872
314.753
314.303
313.514
312.371
310.852
308.932
306.582
303.769
300.463
296.637
292.27
287.35
281.881
275.88
269.38
262.429
255.087
247.422
239.506
231.414
223.216
214.976
206.755
198.601
190.56
182.664
174.942
167.415
160.096
152.996
146.12
139.468
133.039
126.827
120.827
115.03
109.426
104.006
98.7583
93.6715
88.7341
83.9347
79.2617
74.704
70.2506
65.891
61.6152
57.4138
53.2778
49.1989
45.1696
41.1827
37.2319
33.3116
29.4166
25.5424
21.6851
 
