0 0 9.66748e-05 7.49957
9 0 7.25061e-05 7.49957
18 0 4.83374e-05 7.49959
27 0 4.83374e-05 7.49959
36 0 4.83374e-05 7.49959
45 0 2.41687e-05 7.49959
54 0 2.41687e-05 7.49962
63 0 2.41687e-05 7.49962
72 0 2.41687e-05 7.49962
81 0 2.41687e-05 7.49962
90 0 2.41687e-05 7.49962
99 0 2.41687e-05 7.49962
108 0 2.41687e-05 7.49962
117 0 2.41687e-05 7.49962
126 0 2.41687e-05 7.49962
135 0 2.41687e-05 7.49962
144 0 2.41687e-05 7.49962
153 0 2.41687e-05 7.49962
162 0 2.41687e-05 7.49962
171 0 2.41687e-05 7.49962
180 0 2.41687e-05 7.49962
189 0 2.41687e-05 7.49962
198 0 2.41687e-05 7.49962
207 0 0 7.49962
216 0 0 7.49962
225 0 0 7.49962
234 0 0 7.49962
243 0 0 7.49962
252 0 0 7.49962
261 0 0 7.49962
270 0 0 7.49962
279 0 0 7.49962
288 0 0 7.49962
297 0 0 7.49962
306 0 0 7.49962
315 0 0 7.49962
324 0 0 7.49962
333 0 0 7.49962
342 0 0 7.49962
 
0 9 7.25061e-05 7.49971
9 9 7.25061e-05 7.49971
18 9 4.83374e-05 7.49969
27 9 4.83374e-05 7.49969
36 9 4.83374e-05 7.49969
45 9 4.83374e-05 7.49969
54 9 2.41687e-05 7.49969
63 9 2.41687e-05 7.49969
72 9 2.41687e-05 7.49969
81 9 2.41687e-05 7.49969
90 9 2.41687e-05 7.49969
99 9 2.41687e-05 7.49969
108 9 2.41687e-05 7.49969
117 9 2.41687e-05 7.49969
126 9 2.41687e-05 7.49969
135 9 2.41687e-05 7.49969
144 9 2.41687e-05 7.49969
153 9 2.41687e-05 7.49966
162 9 2.41687e-05 7.49966
171 9 2.41687e-05 7.49966
180 9 2.41687e-05 7.49964
189 9 2.41687e-05 7.49964
198 9 2.41687e-05 7.49964
207 9 0 7.49962
216 9 2.41687e-05 7.49964
225 9 0 7.49962
234 9 0 7.49962
243 9 0 7.49962
252 9 0 7.49962
261 9 0 7.49962
270 9 0 7.49959
279 9 0 7.49959
288 9 0 7.49959
297 9 0 7.49959
306 9 0 7.49962
315 9 0 7.49962
324 9 0 7.49962
333 9 0 7.49962
342 9 2.41687e-05 7.49964
 
0 18 4.83374e-05 7.49983
9 18 4.83374e-05 7.49983
18 18 4.83374e-05 7.49983
27 18 4.83374e-05 7.49983
36 18 4.83374e-05 7.49983
45 18 2.41687e-05 7.49981
54 18 2.41687e-05 7.49979
63 18 0 7.49979
72 18 2.41687e-05 7.49976
81 18 2.41687e-05 7.49976
90 18 2.41687e-05 7.49976
99 18 0 7.49974
108 18 2.41687e-05 7.49971
117 18 0 7.49971
126 18 2.41687e-05 7.49971
135 18 2.41687e-05 7.49969
144 18 2.41687e-05 7.49969
153 18 0 7.49966
162 18 0 7.49966
171 18 2.41687e-05 7.49964
180 18 2.41687e-05 7.49966
189 18 2.41687e-05 7.49964
198 18 0 7.49962
207 18 0 7.49962
216 18 0 7.49962
225 18 0 7.49962
234 18 2.41687e-05 7.49964
243 18 0 7.49962
252 18 0 7.49962
261 18 0 7.49962
270 18 0 7.49962
279 18 0 7.49962
288 18 0 7.49962
297 18 0 7.49962
306 18 0 7.49962
315 18 0 7.49962
324 18 0 7.49962
333 18 0 7.49962
342 18 0 7.49962
 
0 27 0 7.49998
9 27 4.83374e-05 7.49998
18 27 0 7.49993
27 27 4.83374e-05 7.49988
36 27 0 7.49983
45 27 4.83374e-05 7.49979
54 27 0 7.49979
63 27 0 7.49979
72 27 0 7.49979
81 27 0 7.49979
90 27 0 7.49974
99 27 0 7.49974
108 27 0 7.49974
117 27 0 7.49974
126 27 0 7.49969
135 27 0 7.49969
144 27 0 7.49969
153 27 0 7.49964
162 27 4.83374e-05 7.49969
171 27 0 7.49964
180 27 0 7.49964
189 27 0 7.49964
198 27 0 7.49964
207 27 0 7.49964
216 27 0 7.49964
225 27 0 7.49959
234 27 0 7.49964
243 27 0 7.49964
252 27 0 7.49964
261 27 0 7.49959
270 27 0 7.49959
279 27 0 7.49964
288 27 0 7.49964
297 27 0 7.49959
306 27 0 7.49959
315 27 0 7.49959
324 27 0 7.49959
333 27 0 7.49964
342 27 0 7.49964
 
0 36 0 0
9 36 0 0
18 36 0 0
27 36 0 0
36 36 0 0
45 36 0 0
54 36 0 0
63 36 0 0
72 36 0 0
81 36 0 0
90 36 0 0
99 36 0 0
108 36 0 0
117 36 0 0
126 36 0 0
135 36 0 0
144 36 0 0
153 36 0 0
162 36 0 0
171 36 0 0
180 36 0 0
189 36 0 0
198 36 0 0
207 36 0 0
216 36 0 0
225 36 0 0
234 36 0 0
243 36 0 0
252 36 0 0
261 36 0 0
270 36 0 0
279 36 0 0
288 36 0 0
297 36 0 0
306 36 0 0
315 36 0 0
324 36 0 0
333 36 0 0
342 36 0 0
 
0 45 0 0
9 45 0 0
18 45 0 0
27 45 0 0
36 45 0 0
45 45 0 0
54 45 0 0
63 45 0 0
72 45 0 0
81 45 0 0
90 45 0 0
99 45 0 0
108 45 0 0
117 45 0 0
126 45 0 0
135 45 0 0
144 45 0 0
153 45 0 0
162 45 0 0
171 45 0 0
180 45 0 0
189 45 0 0
198 45 0 0
207 45 0 0
216 45 0 0
225 45 0 0
234 45 0 0
243 45 0 0
252 45 0 0
261 45 0 0
270 45 0 0
279 45 0 0
288 45 0 0
297 45 0 0
306 45 0 0
315 45 0 0
324 45 0 0
333 45 0 0
342 45 0 0
 
0 54 -0.0831886 -2.13704
9 54 -0.0754546 -2.49619
18 54 -0.0667539 -2.8185
27 54 -0.0579082 -3.10123
36 54 -0.0491108 -3.34383
45 54 -0.0410868 -3.54825
54 54 -0.0338845 -3.71806
63 54 -0.0276006 -3.85747
72 54 -0.0223802 -3.97111
81 54 -0.0179815 -4.06261
90 54 -0.0142595 -4.1356
99 54 -0.0110693 -4.19298
108 54 -0.00855572 -4.23769
117 54 -0.00657388 -4.27201
126 54 -0.00502709 -4.29816
135 54 -0.00377032 -4.31793
144 54 -0.00275523 -4.33267
153 54 -0.00183682 -4.34321
162 54 -0.00101508 -4.34983
171 54 -0.000145012 -4.35254
180 54 0.000725061 -4.35138
189 54 0.00164347 -4.34621
198 54 0.00256188 -4.33702
207 54 0.00357697 -4.32359
216 54 0.00473706 -4.30536
225 54 0.00618718 -4.28143
234 54 0.00807234 -4.25006
243 54 0.0104892 -4.20917
252 54 0.0134861 -4.15629
261 54 0.0171598 -4.08857
270 54 0.0216068 -4.00277
279 54 0.0269239 -3.89532
288 54 0.0332078 -3.7621
297 54 0.0406517 -3.59838
306 54 0.0491591 -3.39904
315 54 0.0587299 -3.15909
324 54 0.0689774 -2.87462
333 54 0.0794666 -2.54317
342 54 0.0895692 -2.16503
 
0 63 -0.459302 -2.16107
9 63 -0.415991 -2.52452
18 63 -0.367799 -2.84968
27 63 -0.31777 -3.13226
36 63 -0.269239 -3.37332
45 63 -0.224624 -3.57503
54 63 -0.184987 -3.74146
63 63 -0.150909 -3.87758
72 63 -0.1221 -3.98798
81 63 -0.0978349 -4.07668
90 63 -0.0774365 -4.1474
99 63 -0.0604217 -4.20284
108 63 -0.0465006 -4.24557
117 63 -0.0354796 -4.2782
126 63 -0.0269239 -4.3029
135 63 -0.0203017 -4.32165
144 63 -0.0148879 -4.33577
153 63 -0.0101508 -4.34606
162 63 -0.00546212 -4.35264
171 63 -0.000725061 -4.35549
180 63 0.00410868 -4.35438
189 63 0.00899075 -4.34925
198 63 0.0139695 -4.34012
207 63 0.0192866 -4.32711
216 63 0.0255705 -4.30976
225 63 0.0334495 -4.28704
234 63 0.043697 -4.25736
243 63 0.0568931 -4.21845
252 63 0.0733761 -4.16775
261 63 0.0935328 -4.10244
270 63 0.117798 -4.0194
279 63 0.146704 -3.91528
288 63 0.181265 -3.78574
297 63 0.221965 -3.62603
306 63 0.269046 -3.4306
315 63 0.322024 -3.19399
324 63 0.37911 -2.91136
333 63 0.43755 -2.57996
342 63 0.494008 -2.1994
 
0 72 -0.843874 -2.21864
9 72 -0.761749 -2.59291
18 72 -0.670246 -2.92272
27 72 -0.576133 -3.20564
36 72 -0.485404 -3.44235
45 72 -0.402699 -3.6369
54 72 -0.330434 -3.79511
63 72 -0.268998 -3.92306
72 72 -0.217228 -4.02617
81 72 -0.173773 -4.10882
90 72 -0.137181 -4.17437
99 72 -0.106536 -4.22512
108 72 -0.0816418 -4.2635
117 72 -0.0619202 -4.29217
126 72 -0.0468873 -4.31348
135 72 -0.035528 -4.3298
144 72 -0.0264889 -4.34263
153 72 -0.0183682 -4.35251
162 72 -0.0101508 -4.35931
171 72 -0.00145012 -4.36238
180 72 0.00749229 -4.36134
189 72 0.0162897 -4.35621
198 72 0.0249904 -4.34722
207 72 0.0341262 -4.33492
216 72 0.0447121 -4.31936
225 72 0.0583432 -4.29951
234 72 0.0763731 -4.2737
243 72 0.0999617 -4.23943
252 72 0.129593 -4.1938
261 72 0.165797 -4.13401
270 72 0.209204 -4.05725
279 72 0.26107 -3.96033
288 72 0.32299 -3.83944
297 72 0.396657 -3.68935
306 72 0.482939 -3.50359
315 72 0.580919 -3.27515
324 72 0.687648 -2.9975
333 72 0.797712 -2.66624
342 72 0.904296 -2.28027
 
0 81 -1.24464 -2.31473
9 81 -1.11708 -2.70612
18 81 -0.975352 -3.04371
27 81 -0.83092 -3.32578
36 81 -0.693279 -3.55396
45 81 -0.57026 -3.73544
54 81 -0.46503 -3.87898
63 81 -0.377201 -3.99315
72 81 -0.304211 -4.08482
81 81 -0.242992 -4.15825
90 81 -0.191078 -4.21618
99 81 -0.147187 -4.25983
108 81 -0.111369 -4.29146
117 81 -0.0835753 -4.31353
126 81 -0.063177 -4.3291
135 81 -0.0486032 -4.34142
144 81 -0.0372923 -4.35232
153 81 -0.0267547 -4.36209
162 81 -0.0152988 -4.36967
171 81 -0.00246521 -4.37357
180 81 0.0109484 -4.37262
189 81 0.0238787 -4.36692
198 81 0.0357697 -4.35757
207 81 0.0474431 -4.34599
216 81 0.0608568 -4.33296
225 81 0.0787174 -4.31793
234 81 0.103514 -4.29862
243 81 0.136843 -4.27182
252 81 0.179283 -4.23406
261 81 0.230908 -4.18254
270 81 0.292344 -4.11496
279 81 0.36531 -4.02923
288 81 0.452873 -3.92217
297 81 0.558563 -3.78822
306 81 0.684675 -3.61943
315 81 0.830775 -3.40592
324 81 0.992463 -3.13787
333 81 1.16121 -2.80797
342 81 1.32556 -2.41358
 
0 90 -1.67044 -2.45704
9 90 -1.48683 -2.87344
18 90 -1.28333 -3.22219
27 90 -1.07773 -3.50023
36 90 -0.886242 -3.71287
45 90 -0.719574 -3.87207
54 90 -0.581644 -3.99209
63 90 -0.470371 -4.08552
72 90 -0.37969 -4.16127
81 90 -0.30322 -4.22333
90 90 -0.236974 -4.27213
99 90 -0.179863 -4.30701
108 90 -0.132855 -4.32885
117 90 -0.0975448 -4.34099
126 90 -0.0735212 -4.34775
135 90 -0.0583432 -4.35421
144 90 -0.0474673 -4.36291
153 90 -0.0363497 -4.37374
162 90 -0.0219935 -4.38386
171 90 -0.00415701 -4.38971
180 90 0.0150088 -4.38884
189 90 0.0326277 -4.38144
198 90 0.0470081 -4.37004
207 90 0.0591408 -4.35817
216 90 0.0725061 -4.34833
225 90 0.091986 -4.34033
234 90 0.121907 -4.33098
243 90 0.164565 -4.31527
252 90 0.219838 -4.28832
261 90 0.286496 -4.24707
270 90 0.36415 -4.19063
279 90 0.455072 -4.11914
288 90 0.564508 -4.03124
297 90 0.69949 -3.92164
306 90 0.865722 -3.77993
315 90 1.06441 -3.59159
324 90 1.28986 -3.34086
333 90 1.52896 -3.01519
342 90 1.76364 -2.60913
 
0 99 -2.13303 -2.65766
9 99 -1.87682 -3.11012
18 99 -1.59286 -3.47268
27 99 -1.30956 -3.74112
36 99 -1.05284 -3.92596
45 99 -0.838968 -4.04768
54 99 -0.671334 -4.13094
63 99 -0.542805 -4.19479
72 99 -0.441127 -4.25103
81 99 -0.353854 -4.30149
90 99 -0.274363 -4.34207
99 99 -0.202437 -4.36777
108 99 -0.142595 -4.37678
117 99 -0.0996233 -4.37364
126 99 -0.0747779 -4.36658
135 99 -0.0636603 -4.36412
144 99 -0.0582224 -4.37098
153 99 -0.0496425 -4.38587
162 99 -0.0326036 -4.40247
171 99 -0.00737145 -4.41306
180 99 0.0208817 -4.41214
189 99 0.0450988 -4.40008
198 99 0.0610501 -4.38268
207 99 0.0697992 -4.36786
216 99 0.0779199 -4.36141
225 99 0.0944512 -4.36375
234 99 0.127151 -4.36967
243 99 0.17938 -4.37028
252 99 0.249179 -4.3573
261 99 0.331594 -4.32694
270 99 0.42329 -4.2811
279 99 0.526563 -4.22481
288 99 0.650428 -4.16117
297 99 0.80837 -4.08637
306 99 1.01305 -3.98687
315 99 1.27002 -3.84019
324 99 1.57266 -3.62001
333 99 1.90096 -3.30429
342 99 2.22579 -2.88291
 
0 108 -2.64862 -2.93323
9 108 -2.29557 -3.43887
18 108 -1.90133 -3.81964
27 108 -1.5133 -4.06769
36 108 -1.17457 -4.20226
45 108 -0.910314 -4.2615
54 108 -0.720928 -4.28707
63 108 -0.588773 -4.31044
72 108 -0.488643 -4.34539
81 108 -0.397865 -4.38923
90 108 -0.305033 -4.4278
99 108 -0.213023 -4.44598
108 108 -0.134571 -4.43759
117 108 -0.0827294 -4.41008
126 108 -0.0615093 -4.37999
135 108 -0.0634186 -4.3638
144 108 -0.0726027 -4.37016
153 108 -0.0723611 -4.39585
162 108 -0.0524219 -4.4278
171 108 -0.0138728 -4.44885
180 108 0.0312259 -4.44752
189 108 0.0668748 -4.42447
198 108 0.0831161 -4.39237
207 108 0.0815452 -4.3683
216 108 0.0747296 -4.3646
225 108 0.07995 -4.38299
234 108 0.111925 -4.41373
243 108 0.176117 -4.43969
252 108 0.266121 -4.44474
261 108 0.368427 -4.42292
270 108 0.472111 -4.38169
279 108 0.578212 -4.33659
288 108 0.702149 -4.30058
297 108 0.869348 -4.27428
306 108 1.10601 -4.2402
315 108 1.42757 -4.16296
324 108 1.82817 -3.9969
333 108 2.2763 -3.70185
342 108 2.72292 -3.25929
 
0 117 -3.24404 -3.3064
9 117 -2.7577 -3.89614
18 117 -2.20334 -4.30423
27 117 -1.66418 -4.51179
36 117 -1.21788 -4.55483
45 117 -0.903329 -4.50686
54 117 -0.711575 -4.44257
63 117 -0.603468 -4.41132
72 117 -0.528859 -4.42913
81 117 -0.446323 -4.48206
90 117 -0.336839 -4.53557
99 117 -0.210002 -4.55326
108 117 -0.0983424 -4.5194
117 117 -0.0329903 -4.44917
126 117 -0.0238303 -4.37801
135 117 -0.0556122 -4.33893
144 117 -0.0975448 -4.34812
153 117 -0.116904 -4.39897
162 117 -0.0928561 -4.46488
171 117 -0.0276006 -4.50944
180 117 0.0520835 -4.50676
189 117 0.110258 -4.45857
198 117 0.124831 -4.39312
207 117 0.0994542 -4.34647
216 117 0.0589716 -4.34365
225 117 0.0370023 -4.38853
234 117 0.0623552 -4.46277
243 117 0.145616 -4.53185
252 117 0.271294 -4.56155
261 117 0.405961 -4.53977
270 117 0.521077 -4.48571
279 117 0.613788 -4.43708
288 117 0.710874 -4.42715
297 117 0.859124 -4.46676
306 117 1.11026 -4.53482
315 117 1.50158 -4.57528
324 117 2.03295 -4.50671
333 117 2.65309 -4.25202
342 117 3.27384 -3.77665
 
0 126 -3.96802 -3.80509
9 126 -3.29376 -4.54185
18 126 -2.48925 -4.99968
27 126 -1.71455 -5.1269
36 126 -1.12102 -4.99821
45 126 -0.768008 -4.76371
54 126 -0.617897 -4.5593
63 126 -0.585547 -4.45805
72 126 -0.580532 -4.47435
81 126 -0.527494 -4.5738
90 126 -0.389648 -4.68293
99 126 -0.191766 -4.7179
108 126 -0.0116614 -4.64087
117 126 0.0776177 -4.48887
126 126 0.0574369 -4.34068
135 126 -0.0373769 -4.26204
144 126 -0.146897 -4.28078
153 126 -0.209035 -4.3853
162 126 -0.17909 -4.52503
171 126 -0.0574369 -4.62241
180 126 0.0970735 -4.61646
189 126 0.201954 -4.51139
198 126 0.210243 -4.37289
207 126 0.133943 -4.27729
216 126 0.0239028 -4.2711
225 126 -0.0563735 -4.36171
234 126 -0.04986 -4.51686
243 126 0.0691708 -4.66735
252 126 0.268393 -4.73572
261 126 0.467857 -4.69235
270 126 0.59774 -4.5833
279 126 0.648337 -4.49499
288 126 0.669316 -4.49881
297 126 0.743803 -4.62471
306 126 0.968004 -4.8522
315 126 1.42627 -5.09698
324 126 2.14197 -5.21036
333 126 3.02991 -5.03381
342 126 3.91685 -4.49704
 
0 135 -4.91775 -4.45325
9 135 -3.97664 -5.47957
18 135 -2.74367 -6.05049
27 135 -1.56518 -6.01193
36 135 -0.766147 -5.54286
45 135 -0.422735 -4.97928
54 135 -0.405913 -4.5629
63 135 -0.543119 -4.38001
72 135 -0.685823 -4.42906
81 135 -0.705049 -4.65296
90 135 -0.512775 -4.91284
99 135 -0.154921 -5.00942
108 135 0.176673 -4.84479
117 135 0.30722 -4.52128
126 135 0.216938 -4.2271
135 135 -0.00414493 -4.08146
144 135 -0.246158 -4.12108
153 135 -0.400814 -4.33073
162 135 -0.368391 -4.62985
171 135 -0.124964 -4.85131
180 135 0.198848 -4.83718
189 135 0.401514 -4.59865
198 135 0.386506 -4.3038
207 135 0.203863 -4.11216
216 135 -0.041691 -4.09532
225 135 -0.241433 -4.26349
234 135 -0.285275 -4.57304
243 135 -0.0970494 -4.89374
252 135 0.267173 -5.03639
261 135 0.611117 -4.91777
270 135 0.764129 -4.65642
279 135 0.717568 -4.45346
288 135 0.576472 -4.44049
297 135 0.47773 -4.67047
306 135 0.58197 -5.13987
315 135 1.07338 -5.74678
324 135 2.06144 -6.21991
333 135 3.41035 -6.20212
342 135 4.74059 -5.5253
 
0 144 -6.29519 -5.22742
9 144 -5.00686 -6.89696
18 144 -2.93473 -7.78264
27 144 -0.987726 -7.35408
36 144 0.082669 -6.15881
45 144 0.252019 -5.01796
54 144 -0.0462347 -4.32091
63 144 -0.496969 -4.0625
72 144 -0.918749 -4.19471
81 144 -1.11762 -4.67965
90 144 -0.833451 -5.32566
99 144 -0.0880465 -5.60173
108 144 0.599547 -5.22391
117 144 0.776002 -4.50648
126 144 0.5077 -3.95078
135 144 0.0494068 -3.70869
144 144 -0.43213 -3.78184
153 144 -0.79005 -4.16838
162 144 -0.801198 -4.80983
171 144 -0.287027 -5.35053
180 144 0.443755 -5.3148
189 144 0.847862 -4.73569
198 144 0.736662 -4.11391
207 144 0.33589 -3.76328
216 144 -0.151973 -3.7273
225 144 -0.584931 -4.00869
234 144 -0.777005 -4.60159
243 144 -0.469356 -5.3192
252 144 0.290719 -5.63834
261 144 0.980475 -5.30087
270 144 1.14836 -4.65335
279 144 0.88374 -4.20889
288 144 0.444825 -4.13205
297 144 0.0155405 -4.46251
306 144 -0.199259 -5.25741
315 144 0.176951 -6.50877
324 144 1.57093 -7.7522
333 144 3.81692 -8.10766
342 144 5.97904 -7.04135
 
0 153 -8.49508 -5.87671
9 153 -7.07726 -9.06951
18 153 -2.84518 -11.246
27 153 0.532343 -9.60369
36 153 1.92884 -6.57948
45 153 1.34902 -4.55591
54 153 0.444112 -3.64157
63 153 -0.476534 -3.36052
72 153 -1.35334 -3.59106
81 153 -2.04058 -4.45349
90 153 -1.76431 -6.17387
99 153 0.0267155 -6.84996
108 153 1.68794 -5.99182
117 153 1.69528 -4.23967
126 153 0.96708 -3.34507
135 153 0.12288 -3.02438
144 153 -0.726438 -3.12622
153 153 -1.51003 -3.70191
162 153 -1.88622 -5.01504
171 153 -0.63383 -6.61036
180 153 1.09481 -6.53898
189 153 1.89225 -4.82333
198 153 1.35488 -3.61206
207 153 0.543735 -3.09884
216 153 -0.309516 -3.04493
225 153 -1.14555 -3.42165
234 153 -1.80582 -4.40631
243 153 -1.4304 -6.2253
252 153 0.327872 -6.91695
261 153 2.03344 -6.02392
270 153 1.96624 -4.36432
279 153 1.20572 -3.58448
288 153 0.305831 -3.42349
297 153 -0.630773 -3.78969
306 153 -1.52804 -4.84605
315 153 -1.88953 -7.15091
324 153 0.216328 -10.2231
333 153 4.33402 -11.8434
342 153 8.35164 -9.25245
 
0 162 -11.9967 -5.38976
9 162 -10.9973 -10.9973
18 162 0 0
27 162 0 0
36 162 4.55711 0
45 162 2.61782 -3.08509
54 162 0.924628 -2.38164
63 162 -0.489754 -2.18411
72 162 -1.90881 -2.39239
81 162 -3.56825 -3.34574
90 162 0 0
99 162 0 0
108 162 0 0
117 162 3.06332 -3.11099
126 162 1.48966 -2.20462
135 162 0.197129 -1.94867
144 162 -1.05603 -2.03199
153 162 -2.49188 -2.5331
162 162 0 0
171 162 0 0
180 162 0 0
189 162 3.57089 -3.7112
198 162 2.14593 -2.4474
207 162 0.773927 -2.00939
216 162 -0.473238 -1.96392
225 162 -1.80824 -2.26613
234 162 -3.40147 -3.33391
243 162 0 0
252 162 0 0
261 162 0 0
270 162 3.24697 -3.19628
279 162 1.61634 -2.37963
288 162 0.199621 -2.22608
297 162 -1.27605 -2.4856
306 162 -3.13985 -3.30553
315 162 0 0
324 162 0 0
333 162 0 0
342 162 12.9362 -11.7262
 
0 171 -15.2587 -1.68883
9 171 0 0
18 171 0 0
27 171 0 0
36 171 0 0
45 171 3.11817 -0.714899
54 171 1.17437 -0.688001
63 171 -0.503845 -0.637501
72 171 -2.19811 -0.678536
81 171 0 0
90 171 0 0
99 171 0 0
108 171 0 0
117 171 3.71365 0
126 171 1.75652 -0.619167
135 171 0.238475 -0.565019
144 171 -1.23601 -0.585958
153 171 -2.91848 -0.598129
162 171 0 0
171 171 0 0
180 171 0 0
189 171 0 0
198 171 2.50862 -0.617963
207 171 0.902773 -0.58084
216 171 -0.564448 -0.569293
225 171 -2.12791 -0.627226
234 171 0 0
243 171 0 0
252 171 0 0
261 171 0 0
270 171 3.88962 -0.348862
279 171 1.84137 -0.682318
288 171 0.147677 -0.650434
297 171 -1.59985 -0.715034
306 171 -3.72883 -0.682071
315 171 0 0
324 171 0 0
333 171 0 0
342 171 0 0
 
0 180 -15.1087 2.78315
9 180 0 0
18 180 0 0
27 180 0 0
36 180 0 0
45 180 3.13335 1.25085
54 180 1.16303 1.09673
63 180 -0.503458 1.01656
72 180 -2.192 1.0887
81 180 0 2.53458
90 180 0 0
99 180 0 0
108 180 0 0
117 180 4.32646 2.28874
126 180 1.74959 0.999218
135 180 0.236596 0.908117
144 180 -1.2293 0.941322
153 180 -2.9476 1.04958
162 180 0 0
171 180 0 0
180 180 0 0
189 180 0 0
198 180 2.51474 1.0421
207 180 0.89742 0.932809
216 180 -0.560414 0.914507
225 180 -2.12445 1.0162
234 180 0 0
243 180 0 0
252 180 0 0
261 180 0 0
270 180 4.0633 1.49499
279 180 1.83396 1.09028
288 180 0.150544 1.03522
297 180 -1.58649 1.13881
306 180 -3.79988 1.29663
315 180 0 0
324 180 0 0
333 180 0 0
342 180 0 0
 
0 189 -11.5468 5.72126
9 189 -10.8579 10.4395
18 189 0 0
27 189 0 0
36 189 4.50513 5.2392
45 189 2.50087 3.53765
54 189 0.883082 2.72989
63 189 -0.48799 2.50502
72 189 -1.85753 2.73717
81 189 -3.39 3.71146
90 189 0 0
99 189 0 0
108 189 0 0
117 189 2.91541 3.47916
126 189 1.44481 2.53321
135 189 0.190978 2.24474
144 189 -1.02786 2.33808
153 189 -2.39732 2.90058
162 189 -3.92931 4.17867
171 189 0 0
180 189 0 0
189 189 3.49734 4.06701
198 189 2.07382 2.80558
207 189 0.754187 2.31247
216 189 -0.459553 2.26164
225 189 -1.75028 2.60269
234 189 -3.24006 3.66172
243 189 0 0
252 189 0 0
261 189 0 0
270 189 3.10339 3.58678
279 189 1.57811 2.72139
288 189 0.208104 2.5511
297 189 -1.21988 2.84654
306 189 -2.98274 3.78646
315 189 0 5.50833
324 189 0 0
333 189 0 0
342 189 12.3871 10.8573
 
0 198 -8.19774 5.79403
9 198 -6.74735 8.5412
18 198 -2.90363 10.1957
27 198 0.303486 8.98756
36 198 1.6579 6.57433
45 198 1.21683 4.75321
54 198 0.390536 3.86409
63 198 -0.476304 3.58117
72 198 -1.29861 3.79617
81 198 -1.91047 4.58382
90 198 -1.60667 5.96445
99 198 0.0165827 6.56022
108 198 1.51213 5.81141
117 198 1.57538 4.38161
126 198 0.914809 3.54995
135 198 0.115297 3.23855
144 198 -0.692916 3.33709
153 198 -1.42036 3.88329
162 198 -1.71671 5.02706
171 198 -0.601818 6.24093
180 198 0.985363 6.17139
189 198 1.73828 4.87195
198 198 1.27989 3.79967
207 198 0.52002 3.31063
216 198 -0.292749 3.25883
225 198 -1.08044 3.62373
234 198 -1.66472 4.5318
243 198 -1.27359 5.99745
252 198 0.339147 6.61085
261 198 1.85574 5.85778
270 198 1.85435 4.50773
279 198 1.16438 3.79226
288 198 0.318368 3.64491
297 198 -0.559143 4.01233
306 198 -1.36296 5.03602
315 198 -1.57269 7.0816
324 198 0.402445 9.58269
333 198 4.25739 10.7386
342 198 7.98459 8.72196
 
0 207 -6.11144 5.07047
9 207 -4.86241 6.54998
18 207 -2.91693 7.33585
27 207 -1.08046 7.0307
36 207 -0.040833 6.04997
45 207 0.163453 5.06421
54 207 -0.08911 4.4321
63 207 -0.499337 4.189
72 207 -0.884332 4.30073
81 207 -1.0553 4.71688
90 207 -0.781688 5.24719
99 207 -0.0956838 5.46838
108 207 0.538345 5.15608
117 207 0.71236 4.55549
126 207 0.471302 4.06719
135 207 0.0435641 3.84723
144 207 -0.407919 3.913
153 207 -0.737169 4.25671
162 207 -0.737598 4.80226
171 207 -0.262828 5.24498
180 207 0.406801 5.21577
189 207 0.783053 4.7408
198 207 0.689557 4.2091
207 207 0.318374 3.89634
216 207 -0.139284 3.8645
225 207 -0.541475 4.11965
234 207 -0.70923 4.63819
243 207 -0.415877 5.23664
252 207 0.284055 5.50146
261 207 0.920712 5.23107
270 207 1.08995 4.6982
279 207 0.857288 4.31658
288 207 0.456969 4.25556
297 207 0.0711405 4.56505
306 207 -0.0952488 5.28317
315 207 0.309093 6.3585
324 207 1.65154 7.37253
333 207 3.76385 7.60752
342 207 5.80144 6.66511
 
0 216 -4.79347 4.31573
9 216 -3.88601 5.26116
18 216 -2.71301 5.79992
27 216 -1.5909 5.81174
36 216 -0.817155 5.44154
45 216 -0.468438 4.96824
54 216 -0.431206 4.60642
63 216 -0.54498 4.4434
72 216 -0.667455 4.48271
81 216 -0.676204 4.67184
90 216 -0.491531 4.88743
99 216 -0.157507 4.96548
108 216 0.151719 4.82678
117 216 0.276949 4.55264
126 216 0.196818 4.2982
135 216 -0.00745604 4.16993
144 216 -0.232068 4.2043
153 216 -0.373878 4.38607
162 216 -0.341093 4.64041
171 216 -0.115164 4.82539
180 216 0.183767 4.81369
189 216 0.372621 4.61421
198 216 0.361552 4.363
207 216 0.193398 4.19657
216 216 -0.0344766 4.18233
225 216 -0.218183 4.33024
234 216 -0.254448 4.59738
243 216 -0.0758413 4.8687
252 216 0.263668 4.98928
261 216 0.585909 4.89329
270 216 0.735743 4.67646
279 216 0.702874 4.50556
288 216 0.583746 4.49796
297 216 0.509162 4.70232
306 216 0.632567 5.10862
315 216 1.12357 5.61483
324 216 2.07574 5.98245
333 216 3.35872 5.91548
342 216 4.62618 5.27832
 
0 225 -3.87332 3.70141
9 225 -3.2227 4.4001
18 225 -2.45201 4.84606
27 225 -1.70887 4.99825
36 225 -1.13407 4.91937
45 225 -0.784395 4.73704
54 225 -0.627214 4.57015
63 225 -0.584073 4.48689
72 225 -0.569269 4.50288
81 225 -0.51228 4.58867
90 225 -0.378615 4.68143
99 225 -0.191452 4.71123
108 225 -0.0215343 4.64637
117 225 0.0641558 4.5175
126 225 0.0478782 4.39069
135 225 -0.0385732 4.32275
144 225 -0.139224 4.33892
153 225 -0.195646 4.4288
162 225 -0.166643 4.54781
171 225 -0.0532074 4.63006
180 225 0.0903184 4.62502
189 225 0.188383 4.53623
198 225 0.197422 4.41812
207 225 0.127852 4.33583
216 225 0.0269239 4.33045
225 225 -0.0457151 4.40859
234 225 -0.036821 4.54124
243 225 0.0767598 4.66853
252 225 0.264828 4.72586
261 225 0.454396 4.68906
270 225 0.581765 4.59617
279 225 0.637981 4.51952
288 225 0.6694 4.52034
297 225 0.754498 4.62357
306 225 0.98369 4.80778
315 225 1.43432 4.99494
324 225 2.12539 5.05493
333 225 2.97611 4.85344
342 225 3.82641 4.33127
 
0 234 -3.16397 3.23266
9 234 -2.69452 3.80275
18 234 -2.16138 4.20627
27 234 -1.64202 4.42753
36 234 -1.20974 4.49777
45 234 -0.901105 4.48058
54 234 -0.70894 4.44119
63 234 -0.597087 4.42451
72 234 -0.518902 4.44668
81 234 -0.435496 4.49671
90 234 -0.32867 4.5455
99 234 -0.207247 4.56312
108 234 -0.100735 4.53634
117 234 -0.0376306 4.47822
126 234 -0.0272864 4.41837
135 234 -0.055298 4.38567
144 234 -0.0930736 4.39401
153 234 -0.11004 4.43795
162 234 -0.0868864 4.49431
171 234 -0.0256913 4.53221
180 234 0.0487482 4.52991
189 234 0.103418 4.48883
198 234 0.117919 4.43271
207 234 0.0954422 4.39227
216 234 0.0591408 4.38915
225 234 0.0404826 4.42671
234 234 0.0662947 4.48883
243 234 0.146293 4.54577
252 234 0.266291 4.56858
261 234 0.395738 4.54705
270 234 0.508678 4.49695
279 234 0.602815 4.44967
288 234 0.70343 4.43285
297 234 0.854387 4.45441
306 234 1.10398 4.49385
315 234 1.48621 4.50038
324 234 1.99984 4.40242
333 234 2.5963 4.13352
342 234 3.19324 3.66383
 
0 243 -2.57609 2.88272
9 243 -2.23531 3.37791
18 243 -1.85582 3.75695
27 243 -1.48152 4.01357
36 243 -1.15379 4.16393
45 243 -0.895861 4.24163
54 243 -0.708892 4.28405
63 243 -0.577583 4.31882
72 243 -0.477404 4.35979
81 243 -0.387352 4.40532
90 243 -0.29684 4.44421
99 243 -0.208189 4.46437
108 243 -0.132783 4.46094
117 243 -0.0826327 4.44017
126 243 -0.0613885 4.41647
135 243 -0.0619202 4.40407
144 243 -0.069485 4.41052
153 243 -0.0684941 4.43321
162 243 -0.0493283 4.46084
171 243 -0.0129544 4.47894
180 243 0.029365 4.47771
189 243 0.0630319 4.45772
198 243 0.0788141 4.42978
207 243 0.0782582 4.4083
216 243 0.0730136 4.40383
225 243 0.0792733 4.41777
234 243 0.110789 4.4416
243 243 0.172661 4.46048
252 243 0.259137 4.46055
261 243 0.357938 4.43645
270 243 0.459302 4.39406
279 243 0.564411 4.34592
288 243 0.687889 4.30217
297 243 0.853493 4.26205
306 243 1.08558 4.20898
315 243 1.39813 4.11088
324 243 1.78503 3.92746
333 243 2.21646 3.62359
342 243 2.64625 3.18314
 
0 252 -2.06386 2.62515
9 252 -1.81717 3.07208
18 252 -1.54399 3.43449
27 252 -1.2712 3.70869
36 252 -1.0235 3.90344
45 252 -0.816201 4.03726
54 252 -0.652893 4.13173
63 252 -0.527119 4.20451
72 252 -0.427133 4.26647
81 252 -0.341914 4.32025
90 252 -0.264937 4.36315
99 252 -0.195621 4.39126
108 252 -0.138148 4.40399
117 252 -0.0968198 4.40499
126 252 -0.0725544 4.40184
135 252 -0.0613401 4.40184
144 252 -0.0555396 4.40921
153 252 -0.0470806 4.42289
162 252 -0.0307909 4.43776
171 252 -0.00693641 4.44697
180 252 0.0196008 4.44605
189 252 0.0425127 4.43532
198 252 0.0577873 4.41963
207 252 0.0665847 4.40569
216 252 0.0748988 4.39829
225 252 0.0913093 4.39783
234 252 0.122994 4.3995
243 252 0.173169 4.39556
252 252 0.240164 4.37874
261 252 0.319583 4.34536
270 252 0.408523 4.29654
279 252 0.509258 4.23585
288 252 0.630392 4.16514
297 252 0.784443 4.07994
306 252 0.983158 3.96751
315 252 1.23147 3.80746
324 252 1.52282 3.57636
333 252 1.83825 3.25468
342 252 2.15017 2.83363
 
0 261 -1.60219 2.43852
9 261 -1.4261 2.8528
18 261 -1.23125 3.20228
27 261 -1.03454 3.48457
36 261 -0.850955 3.70443
45 261 -0.690934 3.87156
54 261 -0.558176 3.99931
63 261 -0.450674 4.09954
72 261 -0.363086 4.18026
81 261 -0.289589 4.24586
90 261 -0.22605 4.29729
99 261 -0.171477 4.33473
108 261 -0.12662 4.35943
117 261 -0.0928803 4.37412
126 261 -0.0699442 4.3834
135 261 -0.0553463 4.39143
144 261 -0.0448571 4.40073
153 261 -0.0342229 4.41124
162 261 -0.0207126 4.42062
171 261 -0.00396366 4.42592
180 261 0.0140178 4.42509
189 261 0.0305734 4.41818
198 261 0.0441562 4.40735
207 261 0.055733 4.39566
216 261 0.0685666 4.385
225 261 0.0872248 4.37509
234 261 0.115768 4.36303
243 261 0.156347 4.3443
252 261 0.208987 4.31435
261 261 0.272695 4.2702
270 261 0.347087 4.21055
279 261 0.434456 4.1348
288 261 0.539808 4.041
297 261 0.669618 3.92374
306 261 0.829179 3.77312
315 261 1.01951 3.57581
324 261 1.23502 3.31766
333 261 1.46334 2.98754
342 261 1.68736 2.58073
 
0 270 -1.17503 2.30763
9 270 -1.05443 2.69901
18 270 -0.920102 3.03897
27 270 -0.783549 3.3245
36 270 -0.653618 3.55782
45 270 -0.53727 3.74506
54 270 -0.437695 3.8942
63 270 -0.354482 4.01348
72 270 -0.285456 4.10894
81 270 -0.227476 4.18544
90 270 -0.178727 4.24564
99 270 -0.137496 4.29137
108 270 -0.10378 4.32487
117 270 -0.0777748 4.3487
126 270 -0.0587541 4.3659
135 270 -0.0451229 4.37934
144 270 -0.0346096 4.3907
153 270 -0.0248212 4.40044
162 270 -0.014187 4.40779
171 270 -0.00234436 4.41146
180 270 0.01003 4.41054
189 270 0.0219693 4.40503
198 270 0.0330144 4.39585
207 270 0.0438178 4.38415
216 270 0.0562889 4.37052
225 270 0.0729653 4.35426
234 270 0.0960947 4.33325
243 270 0.127248 4.30444
252 270 0.166981 4.26457
261 270 0.21544 4.21067
270 270 0.273203 4.14036
279 270 0.341963 4.0512
288 270 0.424596 3.93962
297 270 0.524316 3.80021
306 270 0.643322 3.62521
315 270 0.78118 3.40551
324 270 0.933588 3.13212
333 270 1.09257 2.79844
342 270 1.24749 2.40232
 
0 279 -0.771368 2.22115
9 279 -0.695672 2.59775
18 279 -0.611613 2.93079
27 279 -0.525282 3.21709
36 279 -0.442094 3.45786
45 279 -0.366156 3.65687
54 279 -0.300175 3.81909
63 279 -0.243765 3.95032
72 279 -0.196636 4.05633
81 279 -0.156951 4.14116
90 279 -0.123647 4.20835
99 279 -0.095853 4.2605
108 279 -0.0732795 4.30014
117 279 -0.055443 4.32987
126 279 -0.0419085 4.35206
135 279 -0.031806 4.36897
144 279 -0.0237337 4.38207
153 279 -0.0164347 4.39203
162 279 -0.00908743 4.3987
171 279 -0.00135345 4.40175
180 279 0.00662222 4.40073
189 279 0.0145496 4.39561
198 279 0.0222835 4.38671
207 279 0.0303559 4.37439
216 279 0.03983 4.35839
225 279 0.052011 4.33794
234 279 0.0682524 4.31121
243 279 0.0895208 4.27578
252 279 0.1163 4.22884
261 279 0.149121 4.16755
270 279 0.188516 4.08891
279 279 0.235645 3.98962
288 279 0.292054 3.86573
297 279 0.359243 3.71197
306 279 0.437985 3.5221
315 279 0.527554 3.28926
324 279 0.625147 3.00755
333 279 0.725786 2.67277
342 279 0.823379 2.28413
 
0 288 -0.382204 2.17281
9 288 -0.345854 2.54076
18 288 -0.305251 2.8695
27 288 -0.263197 3.15609
36 288 -0.222739 3.40053
45 288 -0.185519 3.60534
54 288 -0.152408 3.77442
63 288 -0.124179 3.91262
72 288 -0.100252 4.02457
81 288 -0.080095 4.11462
90 288 -0.0632736 4.18616
99 288 -0.0493041 4.24214
108 288 -0.0378482 4.28545
117 288 -0.0287124 4.31851
126 288 -0.0218485 4.3434
135 288 -0.0164347 4.36235
144 288 -0.0120843 4.37651
153 288 -0.00826569 4.38681
162 288 -0.00449538 4.39338
171 288 -0.000580049 4.39624
180 288 0.00333528 4.39512
189 288 0.00725061 4.39005
198 288 0.0112626 4.38106
207 288 0.0155646 4.3681
216 288 0.0205917 4.35065
225 288 0.0270206 4.32779
234 288 0.0353346 4.29792
243 288 0.0461139 4.25872
252 288 0.0596967 4.20762
261 288 0.076228 4.14169
270 288 0.0961914 4.05787
279 288 0.120118 3.9526
288 288 0.148637 3.8215
297 288 0.182425 3.65982
306 288 0.22153 3.46192
315 288 0.265614 3.22236
324 288 0.313226 2.93654
333 288 0.362095 2.60157
342 288 0.409273 2.21738
 
0 297 0 0
9 297 0 0
18 297 0 0
27 297 0 0
36 297 0 0
45 297 0 0
54 297 0 0
63 297 0 0
72 297 0 0
81 297 0 0
90 297 0 0
99 297 0 0
108 297 0 0
117 297 0 0
126 297 0 0
135 297 0 0
144 297 0 0
153 297 0 0
162 297 0 0
171 297 0 0
180 297 0 0
189 297 0 0
198 297 0 0
207 297 0 0
216 297 0 0
225 297 0 0
234 297 0 0
243 297 0 0
252 297 0 0
261 297 0 0
270 297 0 0
279 297 0 0
288 297 0 0
297 297 0 0
306 297 0 0
315 297 0 0
324 297 0 0
333 297 0 0
342 297 0 0
 
0 306 0 0
9 306 0 0
18 306 0 0
27 306 0 0
36 306 0 0
45 306 0 0
54 306 0 0
63 306 0 0
72 306 0 0
81 306 0 0
90 306 0 0
99 306 0 0
108 306 0 0
117 306 0 0
126 306 0 0
135 306 0 0
144 306 0 0
153 306 0 0
162 306 0 0
171 306 0 0
180 306 0 0
189 306 0 0
198 306 0 0
207 306 0 0
216 306 0 0
225 306 0 0
234 306 0 0
243 306 0 0
252 306 0 0
261 306 0 0
270 306 0 0
279 306 0 0
288 306 0 0
297 306 0 0
306 306 0 0
315 306 0 0
324 306 0 0
333 306 0 0
342 306 0 0
 
0 315 0 0
9 315 0 0
18 315 0 0
27 315 0 0
36 315 0 0
45 315 0 0
54 315 0 0
63 315 0 0
72 315 0 0
81 315 0 0
90 315 0 0
99 315 0 0
108 315 0 0
117 315 0 0
126 315 0 0
135 315 0 0
144 315 0 0
153 315 0 0
162 315 0 0
171 315 0 0
180 315 0 0
189 315 0 0
198 315 0 0
207 315 0 0
216 315 0 0
225 315 0 0
234 315 0 0
243 315 0 0
252 315 0 0
261 315 0 0
270 315 0 0
279 315 0 0
288 315 0 0
297 315 0 0
306 315 0 0
315 315 0 0
324 315 0 0
333 315 0 0
342 315 0 0
 
0 324 0.0615818 -7.09061
9 324 0.0615335 -7.01153
18 324 0.0615335 -6.93245
27 324 0.0614851 -6.85342
36 324 0.0614368 -6.77434
45 324 0.0614368 -6.69536
54 324 0.0614368 -6.61632
63 324 0.0614851 -6.53729
72 324 0.0614368 -6.45826
81 324 0.0614368 -6.37928
90 324 0.0614368 -6.30025
99 324 0.0614368 -6.22131
108 324 0.0614368 -6.14228
117 324 0.0614368 -6.0633
126 324 0.0614368 -5.98431
135 324 0.0614368 -5.90528
144 324 0.0613885 -5.82635
153 324 0.0614368 -5.74736
162 324 0.0613885 -5.66838
171 324 0.0614368 -5.58935
180 324 0.0614368 -5.51041
189 324 0.0613885 -5.43148
198 324 0.0613885 -5.35249
207 324 0.0613885 -5.27356
216 324 0.0613885 -5.19462
225 324 0.0613885 -5.11569
234 324 0.0614368 -5.03671
243 324 0.0614368 -4.95777
252 324 0.0613885 -4.87884
261 324 0.0613885 -4.79995
270 324 0.0613885 -4.72101
279 324 0.0613401 -4.64213
288 324 0.0613401 -4.56329
297 324 0.0613401 -4.48436
306 324 0.0613401 -4.40552
315 324 0.0613401 -4.32663
324 324 0.0612918 -4.24779
333 324 0.0613401 -4.16891
342 324 0.0612918 -4.09012
 
0 333 0.140638 -7.09054
9 333 0.140613 -7.01148
18 333 0.140565 -6.93247
27 333 0.140541 -6.85344
36 333 0.140493 -6.77441
45 333 0.140468 -6.69538
54 333 0.140468 -6.61637
63 333 0.140468 -6.53734
72 333 0.140444 -6.45836
81 333 0.140444 -6.37935
90 333 0.140444 -6.30032
99 333 0.140468 -6.22131
108 333 0.140444 -6.14233
117 333 0.140444 -6.0633
126 333 0.140444 -5.98431
135 333 0.14042 -5.90535
144 333 0.140396 -5.82635
153 333 0.140396 -5.74739
162 333 0.140396 -5.6684
171 333 0.140372 -5.58944
180 333 0.140372 -5.51051
189 333 0.140372 -5.43153
198 333 0.140372 -5.35254
207 333 0.140372 -5.27361
216 333 0.140323 -5.19467
225 333 0.140372 -5.11574
234 333 0.140323 -5.0368
243 333 0.140323 -4.95787
252 333 0.140323 -4.87893
261 333 0.140275 -4.80005
270 333 0.140275 -4.72111
279 333 0.140275 -4.64223
288 333 0.140275 -4.56329
297 333 0.140227 -4.4844
306 333 0.140227 -4.40557
315 333 0.140178 -4.32668
324 333 0.140178 -4.24784
333 333 0.14013 -4.169
342 333 0.14013 -4.09016
 
0 342 0.219669 -7.09051
9 342 0.219621 -7.01151
18 342 0.219573 -6.9325
27 342 0.219573 -6.85344
36 342 0.219548 -6.77444
45 342 0.219524 -6.6954
54 342 0.2195 -6.6164
63 342 0.219476 -6.53739
72 342 0.219476 -6.45836
81 342 0.219476 -6.37935
90 342 0.219452 -6.30034
99 342 0.219452 -6.22136
108 342 0.219428 -6.14233
117 342 0.219428 -6.06334
126 342 0.219403 -5.98434
135 342 0.219403 -5.90535
144 342 0.219379 -5.82635
153 342 0.219379 -5.74739
162 342 0.219355 -5.66843
171 342 0.219355 -5.58944
180 342 0.219355 -5.51049
189 342 0.219331 -5.43153
198 342 0.219307 -5.35257
207 342 0.219307 -5.27361
216 342 0.219283 -5.19467
225 342 0.219283 -5.11571
234 342 0.219258 -5.0368
243 342 0.219234 -4.95787
252 342 0.21921 -4.87896
261 342 0.21921 -4.80002
270 342 0.219186 -4.72114
279 342 0.219162 -4.64223
288 342 0.219113 -4.56336
297 342 0.219113 -4.48445
306 342 0.219089 -4.40557
315 342 0.219041 -4.32673
324 342 0.219041 -4.24784
333 342 0.218992 -4.169
342 342 0.218944 -4.09019
 
